INICIAL [15, 22, 10, 14, 18, 9, 21, 19, 20, 1, 12, 2, 8, 6, 11, 25, 24, 4, 17, 16, 23, 7, 13, 3, 5] 17028
Iteracion  71 -> No mejora, ni acepta
SA 7580 99.68387776606956 0.20608925819396973
INICIAL [15, 7, 25, 24, 2, 23, 14, 8, 4, 1, 13, 19, 12, 9, 10, 21, 11, 18, 20, 22, 5, 16, 3, 17, 6] 22086
Iteracion  172 -> No mejora, ni acepta
SA 7224 90.30558482613277 0.4257822036743164
INICIAL [8, 5, 24, 2, 1, 18, 3, 23, 4, 14, 10, 22, 15, 17, 20, 13, 19, 11, 12, 7, 25, 6, 16, 9, 21] 17330
Iteracion  144 -> No mejora, ni acepta
SA 5610 47.78714436248683 0.3667011260986328
INICIAL [22, 16, 6, 8, 19, 24, 21, 15, 9, 1, 2, 10, 11, 20, 14, 12, 25, 23, 3, 5, 4, 13, 18, 17, 7] 24304
Iteracion  136 -> No mejora, ni acepta
SA 5254 38.40885142255005 0.3493177890777588
INICIAL [19, 1, 18, 6, 15, 25, 11, 22, 7, 17, 24, 14, 2, 21, 3, 4, 20, 9, 8, 12, 16, 5, 13, 23, 10] 20280
Iteracion  137 -> No mejora, ni acepta
SA 5292 39.409905163329825 0.35159993171691895
INICIAL [17, 12, 19, 25, 18, 7, 10, 14, 24, 1, 4, 8, 22, 23, 6, 15, 16, 2, 13, 5, 11, 21, 3, 9, 20] 19758
Iteracion  144 -> No mejora, ni acepta
SA 5330 40.41095890410959 0.38022828102111816
INICIAL [14, 1, 15, 7, 5, 8, 10, 2, 21, 11, 6, 3, 24, 22, 25, 12, 19, 23, 16, 17, 9, 20, 4, 18, 13] 17736
Iteracion  245 -> No mejora, ni acepta
SA 5440 43.308746048472074 0.6064162254333496
INICIAL [8, 2, 16, 4, 11, 9, 1, 20, 23, 19, 10, 25, 3, 22, 6, 18, 12, 24, 14, 5, 21, 13, 7, 17, 15] 18296
Iteracion  114 -> No mejora, ni acepta
SA 5092 34.141201264488934 0.30390501022338867
INICIAL [18, 19, 25, 13, 23, 5, 4, 10, 12, 2, 9, 14, 3, 21, 16, 8, 15, 1, 24, 11, 7, 17, 22, 6, 20] 15322
Iteracion  123 -> No mejora, ni acepta
SA 5536 45.8377239199157 0.32318711280822754
INICIAL [25, 15, 23, 19, 22, 4, 5, 6, 7, 20, 16, 11, 9, 13, 17, 24, 3, 18, 12, 14, 21, 2, 10, 1, 8] 19806
Iteracion  459 -> No mejora, ni acepta
SA 4700 23.814541622760803 1.0880110263824463
------------------------------------------
OPT [25, 12, 5, 3, 18, 4, 16, 8, 20, 10, 14, 6, 15, 23, 24, 19, 13, 1, 21, 11, 17, 2, 22, 7, 9] 3796
SOL 50.31085353003162 5705.8 0.4401237964630127 [7580, 7224, 5610, 5254, 5292, 5330, 5440, 5092, 5536, 4700]
