INICIAL [9, 1, 71, 34, 105, 70, 25, 110, 33, 123, 7, 55, 57, 17, 4, 120, 64, 77, 18, 82, 50, 60, 58, 5, 94, 95, 35, 6, 37, 75, 122, 103, 117, 63, 27, 8, 23, 124, 107, 109, 66, 112, 101, 98, 43, 22, 102, 54, 72, 119, 96, 44, 127, 47, 126, 61, 68, 97, 99, 81, 40, 125, 26, 46, 45, 10, 51, 74, 89, 59, 62, 118, 91, 32, 41, 11, 3, 48, 85, 67, 24, 87, 114, 100, 108, 92, 19, 78, 111, 104, 84, 65, 16, 115, 28, 128, 106, 38, 69, 83, 39, 116, 13, 79, 86, 53, 14, 56, 42, 36, 12, 76, 29, 2, 73, 80, 113, 93, 49, 31, 88, 15, 52, 121, 21, 90, 20, 30] 326
Iteracion  848
SA 64 0.0 228.50647115707397
INICIAL [89, 6, 107, 48, 113, 31, 80, 46, 22, 58, 25, 79, 127, 78, 72, 118, 115, 65, 91, 9, 74, 16, 34, 14, 20, 70, 12, 56, 60, 96, 88, 33, 68, 92, 117, 3, 121, 87, 21, 76, 97, 94, 99, 1, 116, 77, 90, 28, 112, 126, 125, 29, 19, 123, 62, 73, 108, 4, 11, 100, 55, 42, 10, 38, 18, 54, 50, 103, 57, 111, 109, 8, 124, 43, 15, 41, 7, 82, 45, 84, 39, 114, 32, 63, 61, 106, 36, 83, 26, 104, 66, 101, 35, 49, 95, 17, 51, 81, 23, 37, 30, 93, 102, 27, 40, 13, 119, 52, 5, 86, 2, 71, 85, 24, 128, 110, 105, 122, 120, 64, 67, 47, 69, 53, 98, 59, 75, 44] 324
SA 68 6.25 263.8919851779938
INICIAL [104, 126, 48, 39, 4, 98, 30, 5, 67, 61, 38, 114, 41, 46, 85, 109, 101, 97, 58, 68, 92, 18, 107, 50, 2, 108, 33, 88, 19, 128, 17, 63, 102, 44, 75, 70, 93, 89, 23, 115, 7, 113, 26, 77, 8, 79, 16, 27, 116, 62, 14, 66, 111, 64, 11, 60, 96, 3, 99, 110, 20, 59, 45, 21, 83, 74, 127, 29, 31, 34, 49, 73, 82, 54, 9, 28, 84, 1, 95, 42, 105, 122, 35, 43, 25, 24, 121, 100, 15, 13, 47, 91, 94, 53, 51, 119, 90, 57, 125, 32, 12, 103, 87, 81, 112, 76, 71, 80, 55, 52, 86, 106, 22, 123, 6, 78, 72, 117, 36, 65, 118, 10, 37, 69, 120, 40, 56, 124] 328
SA 68 6.25 269.72616815567017
INICIAL [94, 17, 73, 45, 40, 39, 5, 62, 124, 72, 105, 92, 27, 89, 18, 14, 21, 31, 107, 97, 77, 61, 38, 36, 19, 102, 96, 99, 37, 66, 110, 32, 103, 44, 71, 123, 111, 120, 28, 11, 25, 106, 78, 82, 6, 53, 98, 80, 75, 115, 10, 8, 112, 58, 125, 126, 60, 104, 41, 59, 118, 29, 81, 50, 42, 3, 122, 47, 64, 7, 35, 83, 26, 101, 13, 1, 55, 46, 22, 9, 12, 24, 100, 117, 127, 54, 121, 114, 85, 88, 69, 4, 23, 51, 68, 56, 65, 63, 119, 33, 91, 128, 74, 93, 79, 95, 16, 2, 20, 109, 113, 49, 34, 52, 84, 76, 70, 48, 116, 90, 15, 43, 87, 108, 67, 57, 86, 30] 306
Iteracion  556
SA 64 0.0 150.00442671775818
INICIAL [72, 82, 113, 93, 89, 83, 101, 78, 56, 5, 102, 110, 30, 115, 47, 79, 92, 95, 88, 32, 39, 73, 38, 54, 21, 60, 120, 51, 84, 112, 42, 15, 48, 1, 16, 116, 75, 126, 6, 41, 9, 106, 90, 53, 11, 71, 103, 97, 117, 64, 111, 63, 100, 62, 26, 58, 122, 70, 20, 86, 28, 14, 91, 33, 67, 17, 8, 124, 94, 108, 18, 46, 34, 52, 31, 2, 81, 49, 66, 125, 57, 61, 22, 74, 40, 77, 96, 127, 7, 43, 118, 104, 105, 87, 45, 25, 128, 23, 35, 107, 98, 119, 59, 85, 80, 27, 99, 10, 68, 55, 114, 65, 44, 123, 19, 3, 12, 50, 109, 69, 36, 13, 37, 76, 4, 24, 29, 121] 286
SA 66 3.125 264.31949186325073
------------------------------------------
OPT [1, 2, 3, 4, 117, 5, 6, 7, 8, 9, 10, 11, 12, 73, 13, 89, 14, 15, 16, 17, 18, 19, 20, 21, 22, 23, 24, 53, 25, 26, 102, 27, 104, 28, 118, 120, 29, 30, 31, 80, 32, 111, 112, 34, 35, 36, 97, 98, 38, 39, 100, 40, 99, 41, 42, 43, 44, 45, 46, 47, 48, 33, 49, 37, 51, 121, 52, 54, 122, 55, 123, 56, 124, 57, 125, 58, 126, 59, 127, 128, 81, 60, 61, 62, 63, 64, 113, 105, 66, 67, 68, 69, 70, 65, 71, 72, 74, 75, 76, 77, 78, 79, 82, 83, 84, 85, 86, 87, 88, 90, 50, 91, 114, 92, 93, 94, 95, 96, 101, 103, 106, 107, 108, 109, 110, 115, 116, 119] 64
SOL 3.125 66.0 235.28970861434937 [64, 68, 68, 64, 66]
