INICIAL [7, 2, 34, 19, 10, 11, 37, 3, 48, 15, 9, 5, 28, 38, 32, 24, 18, 12, 26, 45, 4, 43, 31, 17, 44, 47, 22, 35, 25, 20, 1, 30, 23, 36, 21, 40, 49, 39, 33, 16, 29, 46, 14, 42, 41, 13, 27, 6, 50, 8] 64146
Iteracion  400 -> No mejora, ni acepta
SA 62836 1.1965922084615013 7.107650995254517
INICIAL [19, 38, 48, 16, 20, 22, 42, 41, 43, 45, 13, 4, 10, 14, 31, 18, 25, 26, 1, 33, 37, 24, 3, 49, 12, 15, 32, 36, 44, 47, 5, 9, 46, 27, 8, 6, 50, 7, 23, 39, 2, 35, 34, 11, 21, 40, 29, 28, 17, 30] 64133
Iteracion  332 -> No mejora, ni acepta
SA 62884 1.2738956082006023 5.981950759887695
INICIAL [33, 45, 15, 4, 39, 28, 5, 9, 21, 17, 37, 44, 30, 11, 50, 41, 2, 36, 20, 22, 46, 47, 24, 16, 10, 43, 32, 35, 23, 14, 7, 29, 40, 42, 18, 49, 8, 13, 26, 19, 6, 38, 27, 31, 3, 1, 48, 34, 12, 25] 64092
Iteracion  305 -> No mejora, ni acepta
SA 62822 1.1740453835375968 5.578725814819336
INICIAL [47, 18, 1, 11, 40, 27, 17, 41, 50, 30, 32, 25, 15, 26, 13, 23, 44, 36, 43, 49, 4, 6, 31, 39, 45, 8, 48, 42, 29, 21, 38, 22, 28, 9, 10, 12, 24, 7, 14, 33, 34, 37, 20, 2, 46, 19, 3, 35, 5, 16] 63911
Iteracion  283 -> No mejora, ni acepta
SA 62893 1.2883899956516838 5.161209344863892
INICIAL [50, 21, 24, 48, 27, 16, 4, 32, 44, 15, 30, 3, 40, 19, 38, 29, 7, 35, 23, 8, 14, 37, 6, 25, 31, 41, 39, 12, 34, 42, 18, 47, 36, 17, 2, 28, 45, 33, 26, 1, 22, 11, 20, 13, 43, 5, 10, 9, 46, 49] 64020
Iteracion  318 -> No mejora, ni acepta
SA 62917 1.3270416955212343 5.757904529571533
INICIAL [49, 37, 32, 4, 27, 29, 10, 31, 43, 45, 15, 42, 24, 39, 35, 28, 20, 21, 13, 18, 47, 1, 41, 17, 16, 25, 38, 14, 9, 7, 36, 23, 33, 44, 12, 34, 2, 40, 26, 19, 46, 3, 11, 48, 30, 8, 5, 22, 50, 6] 63996
Iteracion  175 -> No mejora, ni acepta
SA 62967 1.4075660702494643 3.3855979442596436
INICIAL [27, 29, 15, 12, 2, 35, 23, 16, 25, 43, 47, 33, 42, 38, 32, 34, 21, 9, 4, 19, 7, 8, 39, 24, 3, 5, 6, 37, 14, 44, 22, 17, 50, 28, 26, 40, 46, 41, 49, 45, 13, 30, 36, 1, 10, 20, 48, 31, 18, 11] 64073
Iteracion  298 -> No mejora, ni acepta
SA 62902 1.3028843831027652 5.401937246322632
INICIAL [34, 48, 4, 16, 45, 37, 1, 19, 46, 50, 43, 33, 27, 6, 32, 31, 49, 26, 12, 29, 36, 5, 20, 28, 11, 40, 9, 24, 38, 18, 7, 42, 22, 8, 21, 17, 30, 39, 25, 10, 41, 47, 14, 35, 2, 23, 3, 13, 44, 15] 64143
Iteracion  426 -> No mejora, ni acepta
SA 62841 1.2046446459343243 7.840726852416992
INICIAL [31, 35, 24, 6, 43, 28, 1, 11, 10, 42, 21, 14, 37, 40, 49, 20, 4, 16, 17, 36, 25, 26, 13, 32, 2, 45, 19, 30, 15, 27, 38, 18, 50, 9, 7, 29, 12, 46, 22, 47, 39, 23, 8, 41, 44, 33, 34, 3, 5, 48] 63939
Iteracion  123 -> No mejora, ni acepta
SA 63021 1.4945323949559532 2.531431198120117
INICIAL [33, 21, 17, 30, 11, 31, 15, 40, 36, 48, 38, 23, 18, 37, 34, 47, 8, 20, 26, 13, 14, 22, 6, 49, 25, 27, 45, 1, 3, 19, 24, 5, 50, 28, 7, 10, 35, 2, 29, 46, 4, 39, 12, 16, 43, 41, 42, 9, 32, 44] 63979
Iteracion  266 -> No mejora, ni acepta
SA 62896 1.2932214581353776 4.877635717391968
------------------------------------------
OPT [28, 32, 37, 39, 49, 23, 19, 44, 33, 7, 14, 30, 15, 5, 36, 6, 17, 26, 48, 25, 40, 3, 45, 27, 18, 31, 29, 16, 9, 12, 1, 8, 4, 2, 50, 21, 43, 35, 24, 38, 34, 46, 42, 13, 20, 22, 41, 47, 10, 11] 62093
SOL 1.2962813843750527 62897.9 5.362477040290832 [62836, 62884, 62822, 62893, 62917, 62967, 62902, 62841, 63021, 62896]
