INICIAL [81, 14, 93, 72, 38, 68, 48, 55, 67, 39, 19, 57, 36, 18, 33, 6, 45, 17, 29, 61, 62, 41, 74, 34, 16, 52, 97, 86, 35, 76, 26, 87, 28, 96, 30, 92, 71, 5, 47, 37, 25, 24, 77, 1, 84, 31, 42, 3, 94, 69, 58, 98, 85, 21, 75, 43, 27, 40, 54, 95, 8, 56, 80, 88, 7, 70, 53, 65, 50, 44, 64, 11, 2, 73, 63, 10, 22, 60, 23, 82, 13, 79, 99, 49, 83, 90, 51, 100, 15, 32, 12, 89, 20, 66, 46, 91, 78, 4, 9, 59] 24038786
Iteracion  544 -> No mejora, ni acepta
SA 21878752 3.924889369254889 80.43990278244019
INICIAL [80, 55, 51, 14, 68, 66, 32, 37, 10, 34, 17, 21, 33, 29, 28, 13, 56, 8, 76, 99, 85, 18, 64, 81, 92, 4, 27, 47, 93, 9, 95, 11, 38, 3, 54, 96, 7, 52, 19, 67, 24, 63, 42, 62, 61, 79, 90, 30, 59, 74, 71, 20, 12, 23, 73, 98, 2, 97, 50, 48, 31, 46, 40, 15, 60, 36, 26, 70, 25, 1, 69, 82, 72, 5, 53, 91, 87, 22, 65, 75, 88, 16, 86, 45, 77, 43, 49, 35, 83, 84, 41, 78, 100, 57, 94, 44, 89, 58, 6, 39] 24122842
Iteracion  685 -> No mejora, ni acepta
SA 21821228 3.6516482202132523 104.51501893997192
INICIAL [95, 52, 78, 81, 16, 17, 50, 55, 3, 40, 44, 61, 59, 96, 62, 48, 47, 71, 31, 84, 27, 70, 8, 22, 57, 5, 68, 10, 46, 7, 49, 83, 69, 100, 25, 32, 26, 51, 53, 34, 65, 88, 92, 4, 15, 87, 90, 30, 38, 9, 19, 13, 75, 12, 63, 77, 23, 97, 74, 29, 99, 6, 37, 41, 85, 56, 11, 76, 1, 58, 54, 2, 36, 42, 20, 91, 24, 21, 94, 93, 28, 98, 79, 18, 72, 33, 35, 43, 80, 60, 73, 89, 45, 14, 86, 39, 67, 64, 82, 66] 24185400
Iteracion  529 -> No mejora, ni acepta
SA 21844218 3.7608515790976695 79.68946766853333
INICIAL [19, 29, 86, 79, 41, 21, 34, 95, 48, 77, 32, 94, 88, 62, 17, 75, 93, 11, 72, 6, 56, 64, 87, 44, 78, 51, 22, 97, 82, 73, 71, 96, 38, 27, 45, 35, 76, 70, 36, 30, 31, 15, 99, 12, 4, 10, 9, 63, 80, 7, 54, 16, 85, 69, 50, 90, 55, 40, 68, 26, 49, 100, 13, 53, 2, 74, 98, 33, 24, 46, 67, 60, 43, 84, 81, 58, 59, 57, 25, 8, 5, 66, 1, 83, 89, 3, 61, 52, 23, 47, 39, 37, 14, 92, 65, 42, 18, 28, 20, 91] 24170266
Iteracion  747 -> No mejora, ni acepta
SA 21806760 3.582924679702606 106.52135825157166
INICIAL [7, 52, 80, 17, 41, 89, 28, 47, 4, 79, 20, 27, 8, 98, 33, 78, 91, 18, 38, 55, 32, 53, 15, 66, 87, 23, 83, 35, 30, 31, 95, 45, 54, 77, 63, 2, 92, 71, 11, 16, 74, 39, 19, 65, 94, 26, 44, 34, 62, 40, 14, 22, 13, 75, 12, 64, 21, 29, 36, 59, 85, 24, 43, 50, 93, 69, 9, 67, 1, 5, 72, 81, 25, 51, 99, 48, 90, 96, 3, 88, 61, 42, 100, 84, 46, 73, 56, 10, 37, 49, 86, 76, 70, 6, 82, 97, 60, 58, 57, 68] 24137218
Iteracion  890 -> No mejora, ni acepta
SA 21810862 3.602409332949404 126.7541081905365
------------------------------------------
OPT [17, 63, 58, 71, 77, 25, 48, 6, 1, 29, 4, 12, 65, 9, 18, 44, 99, 69, 79, 81, 46, 80, 35, 59, 3, 74, 97, 28, 15, 55, 24, 76, 45, 75, 34, 33, 78, 19, 20, 73, 95, 36, 52, 98, 5, 23, 92, 88, 54, 27, 83, 86, 43, 87, 60, 61, 84, 2, 100, 39, 49, 21, 7, 53, 96, 67, 91, 47, 32, 16, 10, 41, 66, 85, 13, 72, 90, 40, 93, 31, 38, 68, 57, 37, 30, 8, 89, 26, 11, 22, 56, 14, 70, 51, 42, 50, 62, 64, 94, 82] 21052466
SOL 3.704544636243564 21832364.0 99.58397116661072 [21878752, 21821228, 21844218, 21806760, 21810862]
