INICIAL [15, 21, 3, 17, 24, 8, 16, 18, 25, 14, 1, 2, 12, 13, 5, 4, 9, 11, 23, 22, 20, 6, 10, 7, 19] 1441462
Iteracion  135 -> No mejora, ni acepta
SA 1237334 6.003653011850014 0.35273313522338867
INICIAL [14, 13, 23, 11, 9, 4, 7, 1, 8, 12, 18, 16, 19, 10, 17, 3, 6, 24, 25, 22, 2, 20, 5, 21, 15] 1457876
Iteracion  114 -> No mejora, ni acepta
SA 1235304 5.829740862330114 0.2978231906890869
INICIAL [17, 7, 1, 25, 11, 15, 2, 21, 16, 8, 9, 12, 24, 3, 20, 23, 4, 6, 18, 10, 5, 22, 14, 13, 19] 1420234
Iteracion  111 -> No mejora, ni acepta
SA 1245914 6.738710274352841 0.2896451950073242
INICIAL [22, 21, 20, 2, 5, 18, 15, 7, 23, 25, 6, 10, 24, 1, 4, 8, 12, 9, 11, 16, 13, 17, 14, 3, 19] 1390070
Iteracion  81 -> No mejora, ni acepta
SA 1239780 6.213204301370051 0.22095012664794922
INICIAL [18, 7, 24, 19, 13, 9, 14, 5, 1, 21, 20, 16, 25, 22, 2, 10, 4, 6, 15, 17, 11, 8, 12, 3, 23] 1456470
Iteracion  61 -> No mejora, ni acepta
SA 1238126 6.0715044514656595 0.17521309852600098
INICIAL [13, 19, 16, 25, 22, 5, 15, 17, 11, 4, 8, 12, 7, 9, 23, 2, 18, 3, 1, 24, 10, 6, 14, 21, 20] 1380594
Iteracion  132 -> No mejora, ni acepta
SA 1218262 4.369735516459115 0.3690221309661865
INICIAL [14, 1, 3, 9, 15, 16, 22, 10, 12, 17, 25, 18, 4, 6, 24, 5, 8, 13, 20, 11, 19, 23, 7, 2, 21] 1428554
Iteracion  87 -> No mejora, ni acepta
SA 1231278 5.484829377617249 0.2704639434814453
INICIAL [12, 7, 8, 21, 17, 14, 3, 11, 13, 18, 20, 23, 10, 9, 25, 1, 5, 6, 2, 16, 15, 4, 22, 24, 19] 1496762
Iteracion  105 -> No mejora, ni acepta
SA 1252588 7.310478592528118 0.2963409423828125
INICIAL [23, 25, 7, 17, 13, 12, 9, 24, 11, 4, 15, 18, 21, 14, 6, 2, 20, 22, 19, 10, 8, 3, 5, 1, 16] 1446114
Iteracion  117 -> No mejora, ni acepta
SA 1224798 4.929681235307422 0.3069326877593994
INICIAL [9, 13, 25, 10, 21, 22, 8, 2, 23, 15, 12, 5, 6, 17, 19, 1, 18, 4, 20, 14, 16, 24, 3, 7, 11] 1465526
Iteracion  72 -> No mejora, ni acepta
SA 1253668 7.4030032829130885 0.29279661178588867
------------------------------------------
OPT [9, 4, 6, 11, 5, 1, 15, 10, 14, 3, 17, 12, 19, 18, 23, 8, 21, 2, 22, 7, 16, 20, 24, 25, 13] 1167256
SOL 6.035454090619363 1237705.2 0.28719210624694824 [1237334, 1235304, 1245914, 1239780, 1238126, 1218262, 1231278, 1252588, 1224798, 1253668]
