INICIAL [12, 6, 50, 18, 27, 2, 32, 48, 5, 43, 3, 26, 22, 40, 38, 39, 46, 34, 35, 60, 21, 9, 47, 1, 42, 51, 57, 14, 30, 20, 25, 37, 41, 62, 17, 55, 19, 58, 23, 4, 64, 54, 10, 33, 61, 15, 8, 45, 59, 7, 11, 52, 24, 53, 44, 13, 63, 29, 56, 28, 49, 31, 36, 16] 2818960
Iteracion  1111
SA 1858710 0.14989805639011858 38.12918043136597
INICIAL [25, 58, 49, 14, 37, 2, 40, 50, 55, 44, 35, 43, 6, 47, 52, 22, 7, 30, 60, 23, 62, 36, 34, 61, 41, 19, 53, 26, 18, 48, 24, 5, 8, 9, 64, 28, 1, 32, 63, 51, 11, 57, 45, 59, 3, 21, 27, 17, 39, 16, 29, 13, 54, 12, 33, 31, 38, 20, 15, 10, 56, 46, 4, 42] 3081900
Iteracion  186
SA 1855928 0.0 6.550421714782715
INICIAL [28, 35, 16, 11, 40, 34, 52, 56, 55, 37, 42, 43, 4, 9, 50, 41, 23, 49, 7, 5, 59, 33, 21, 24, 30, 22, 47, 10, 57, 53, 26, 51, 54, 61, 31, 12, 19, 39, 48, 36, 20, 29, 27, 44, 58, 2, 17, 13, 1, 32, 8, 6, 60, 38, 14, 18, 15, 62, 64, 46, 25, 45, 3, 63] 3039302
Iteracion  1111
SA 1860942 0.27016134246587153 38.33195233345032
INICIAL [8, 24, 3, 43, 1, 52, 48, 59, 35, 19, 61, 45, 18, 16, 46, 36, 42, 20, 14, 51, 60, 7, 23, 39, 54, 6, 63, 32, 37, 64, 47, 11, 2, 62, 15, 10, 33, 55, 25, 28, 50, 13, 9, 31, 53, 4, 22, 44, 5, 57, 12, 27, 49, 58, 41, 30, 21, 38, 26, 34, 17, 29, 56, 40] 2847990
Iteracion  1111
SA 1860348 0.23815579052635663 39.89615607261658
INICIAL [41, 47, 12, 34, 2, 23, 52, 48, 11, 15, 24, 63, 14, 56, 29, 46, 7, 20, 13, 53, 5, 21, 25, 58, 33, 43, 1, 42, 64, 31, 4, 61, 9, 35, 60, 27, 45, 3, 18, 16, 57, 28, 38, 8, 37, 51, 36, 32, 19, 62, 59, 44, 55, 49, 40, 50, 54, 26, 39, 6, 30, 17, 10, 22] 2925302
Iteracion  1111
SA 1863794 0.4238310968960003 38.52363848686218
------------------------------------------
OPT [1, 3, 5, 15, 17, 20, 30, 35, 40, 45, 49, 51, 55, 2, 4, 6, 7, 8, 9, 10, 11, 12, 13, 14, 16, 18, 19, 21, 22, 23, 24, 25, 26, 27, 28, 29, 31, 32, 33, 34, 36, 37, 38, 39, 41, 42, 43, 44, 46, 47, 48, 50, 52, 53, 54, 56, 57, 58, 59, 60, 61, 62, 63, 64] 1855928
SOL 0.2164092572556644 1859944.4 32.28626980781555 [1858710, 1855928, 1860942, 1860348, 1863794]
