INICIAL [12, 19, 25, 41, 1, 18, 15, 11, 14, 6, 39, 44, 20, 30, 37, 7, 2, 60, 21, 38, 53, 28, 45, 49, 56, 48, 31, 51, 50, 24, 58, 5, 54, 40, 16, 47, 36, 55, 29, 26, 57, 27, 4, 9, 17, 3, 34, 35, 22, 13, 42, 10, 33, 46, 59, 52, 23, 43, 8, 32] 8601302
Iteracion  219 -> No mejora, ni acepta
SA 7590970 5.3429091077638216 7.115274906158447
INICIAL [23, 26, 40, 42, 57, 8, 44, 32, 46, 24, 34, 9, 10, 47, 43, 25, 21, 13, 48, 30, 56, 4, 15, 16, 55, 28, 1, 53, 18, 19, 2, 36, 7, 6, 51, 11, 49, 22, 41, 31, 54, 17, 35, 29, 60, 12, 39, 5, 38, 3, 58, 37, 59, 27, 14, 50, 52, 33, 20, 45] 8538642
Iteracion  413 -> No mejora, ni acepta
SA 7495960 4.024417558682657 12.854243040084839
INICIAL [4, 25, 34, 57, 31, 41, 43, 7, 32, 12, 2, 52, 35, 60, 56, 20, 44, 54, 22, 55, 23, 14, 19, 24, 59, 17, 33, 10, 13, 16, 21, 5, 15, 51, 8, 45, 26, 50, 42, 49, 29, 6, 11, 1, 38, 28, 48, 53, 47, 30, 27, 58, 18, 39, 37, 9, 40, 36, 46, 3] 8655474
Iteracion  358 -> No mejora, ni acepta
SA 7569128 5.03979898867077 11.222135305404663
INICIAL [42, 60, 30, 23, 54, 40, 56, 18, 51, 33, 52, 50, 48, 57, 2, 16, 29, 36, 39, 35, 21, 4, 27, 31, 58, 38, 28, 49, 15, 47, 17, 44, 13, 11, 19, 32, 37, 8, 12, 9, 1, 3, 14, 46, 7, 6, 20, 53, 45, 34, 26, 41, 22, 5, 59, 55, 43, 25, 24, 10] 8313390
Iteracion  411 -> No mejora, ni acepta
SA 7588196 5.30441320673076 12.793952703475952
INICIAL [21, 14, 43, 18, 30, 24, 26, 34, 37, 22, 15, 46, 59, 23, 51, 28, 1, 48, 17, 54, 11, 41, 35, 36, 20, 50, 8, 45, 27, 31, 53, 47, 32, 6, 49, 60, 52, 25, 3, 9, 33, 40, 56, 5, 55, 2, 29, 38, 12, 19, 7, 4, 10, 13, 42, 16, 58, 44, 39, 57] 8446696
Iteracion  434 -> No mejora, ni acepta
SA 7571058 5.066582366101848 13.462827682495117
------------------------------------------
OPT [30, 7, 40, 18, 6, 29, 56, 1, 5, 50, 21, 32, 53, 34, 38, 16, 19, 47, 23, 43, 4, 8, 39, 49, 55, 3, 57, 41, 22, 48, 37, 60, 59, 44, 54, 52, 9, 11, 35, 20, 15, 42, 14, 25, 27, 24, 36, 13, 17, 46, 12, 31, 58, 51, 2, 33, 45, 26, 10, 28] 7205962
SOL 4.955624245589976 7563062.4 11.489686727523804 [7590970, 7495960, 7569128, 7588196, 7571058]
