INICIAL [30, 19, 27, 49, 13, 15, 29, 41, 74, 22, 57, 50, 76, 48, 61, 11, 24, 62, 2, 55, 20, 43, 37, 58, 32, 5, 45, 40, 73, 6, 39, 9, 10, 46, 64, 80, 4, 66, 3, 16, 47, 34, 68, 12, 65, 1, 21, 35, 60, 70, 36, 78, 38, 67, 44, 14, 75, 26, 69, 23, 72, 42, 25, 17, 71, 51, 7, 54, 18, 31, 56, 33, 79, 8, 52, 53, 59, 28, 77, 63] 15614512
Iteracion  440 -> No mejora, ni acepta
SA 14042806 4.027073043822501 35.002476930618286
INICIAL [77, 12, 9, 65, 47, 35, 53, 19, 39, 61, 71, 36, 26, 24, 78, 49, 54, 50, 23, 37, 21, 69, 10, 32, 73, 63, 45, 16, 25, 74, 48, 75, 76, 29, 60, 22, 42, 67, 43, 11, 80, 8, 3, 2, 13, 40, 66, 58, 34, 55, 46, 18, 14, 4, 33, 79, 28, 30, 5, 68, 57, 31, 27, 44, 20, 51, 6, 38, 59, 70, 41, 62, 1, 64, 15, 52, 17, 72, 7, 56] 15427232
Iteracion  384 -> No mejora, ni acepta
SA 14140478 4.75061307409396 29.444962739944458
INICIAL [23, 79, 2, 17, 60, 34, 28, 39, 11, 24, 21, 3, 32, 59, 69, 57, 72, 71, 18, 12, 31, 13, 14, 63, 40, 37, 27, 5, 80, 8, 47, 70, 36, 52, 29, 44, 25, 15, 20, 19, 67, 41, 75, 78, 46, 43, 26, 22, 65, 56, 45, 35, 68, 77, 62, 61, 38, 54, 6, 49, 4, 48, 73, 30, 55, 16, 64, 76, 66, 9, 1, 7, 58, 74, 51, 33, 42, 53, 50, 10] 15559600
Iteracion  554 -> No mejora, ni acepta
SA 14105074 4.4883453696164155 44.02570080757141
INICIAL [33, 62, 15, 66, 39, 41, 68, 1, 42, 45, 57, 7, 72, 61, 21, 69, 3, 35, 58, 48, 71, 55, 34, 73, 32, 75, 12, 63, 46, 53, 74, 49, 79, 14, 56, 4, 36, 78, 11, 2, 10, 26, 44, 13, 5, 19, 30, 65, 40, 52, 59, 22, 31, 43, 17, 28, 37, 51, 50, 16, 38, 8, 64, 77, 76, 29, 60, 27, 24, 23, 70, 18, 20, 9, 67, 80, 6, 47, 54, 25] 15692496
Iteracion  391 -> No mejora, ni acepta
SA 14090012 4.376768255029341 35.86745238304138
INICIAL [51, 37, 3, 58, 74, 32, 11, 38, 67, 12, 79, 46, 44, 19, 50, 80, 16, 69, 57, 47, 31, 64, 66, 70, 71, 33, 14, 75, 30, 62, 40, 52, 61, 18, 7, 55, 6, 49, 10, 72, 56, 5, 53, 4, 27, 15, 2, 39, 78, 73, 28, 20, 21, 41, 25, 22, 29, 43, 24, 48, 60, 23, 13, 26, 76, 8, 9, 45, 36, 68, 59, 35, 17, 77, 65, 1, 34, 54, 42, 63] 15707820
Iteracion  431 -> No mejora, ni acepta
SA 14134470 4.7061066802260045 36.91058588027954
------------------------------------------
OPT [11, 19, 64, 51, 78, 54, 31, 80, 77, 14, 37, 59, 70, 27, 34, 26, 62, 60, 29, 17, 69, 49, 67, 79, 7, 18, 73, 39, 15, 56, 55, 58, 5, 23, 53, 48, 52, 63, 13, 44, 74, 6, 61, 33, 1, 41, 3, 43, 30, 9, 22, 47, 36, 20, 50, 25, 28, 42, 2, 66, 4, 76, 45, 24, 65, 71, 38, 16, 57, 12, 68, 72, 10, 40, 8, 21, 46, 75, 35, 32] 13499184
SOL 4.469781284557644 14102568.0 36.25023574829102 [14042806, 14140478, 14105074, 14090012, 14134470]
