Numero de corridas  10
------------------------------------------
--> BEST - INICIAL [5, 6, 1, 13, 3, 9, 25, 8, 17, 24, 23, 21, 12, 16, 10, 2, 18, 20, 14, 11, 7, 22, 4, 15, 19] 20510
OPTIMO LOCAL - iter 45
--- 0.47397565841674805 seconds ---
SOL [11, 12, 20, 9, 7, 4, 3, 5, 13, 24, 14, 17, 25, 16, 21, 10, 18, 1, 2, 8, 22, 6, 19, 15, 23] 4964

--> FIRST - INICIAL [5, 6, 1, 13, 3, 9, 25, 8, 17, 24, 23, 21, 12, 16, 10, 2, 18, 20, 14, 11, 7, 22, 4, 15, 19] 20510
OPTIMO LOCAL - iter 45
--- 2.52105450630188 seconds ---
SOL [5, 6, 1, 25, 16, 13, 22, 8, 18, 24, 9, 20, 21, 23, 10, 15, 3, 4, 19, 7, 17, 12, 14, 2, 11] 5980

--> RANDOM - INICIAL [5, 6, 1, 13, 3, 9, 25, 8, 17, 24, 23, 21, 12, 16, 10, 2, 18, 20, 14, 11, 7, 22, 4, 15, 19] 20510
OPTIMO LOCAL - iter 25
--- 0.55399489402771 seconds ---
SOL [4, 17, 25, 12, 3, 23, 22, 21, 5, 8, 18, 10, 24, 2, 20, 15, 19, 6, 14, 11, 13, 1, 16, 7, 9] 6932
------------------------------------------
------------------------------------------
--> BEST - INICIAL [7, 3, 25, 6, 2, 20, 21, 14, 19, 10, 12, 24, 13, 15, 4, 16, 11, 9, 22, 1, 18, 23, 17, 5, 8] 17572
OPTIMO LOCAL - iter 38
--- 0.46422791481018066 seconds ---
SOL [8, 25, 2, 15, 21, 3, 7, 16, 24, 4, 10, 20, 23, 5, 6, 12, 14, 9, 13, 1, 18, 11, 19, 22, 17] 5786

--> FIRST - INICIAL [7, 3, 25, 6, 2, 20, 21, 14, 19, 10, 12, 24, 13, 15, 4, 16, 11, 9, 22, 1, 18, 23, 17, 5, 8] 17572
OPTIMO LOCAL - iter 56
--- 3.0735647678375244 seconds ---
SOL [23, 3, 25, 17, 18, 20, 12, 8, 4, 10, 14, 22, 21, 15, 5, 19, 2, 11, 16, 6, 7, 9, 24, 13, 1] 5910

--> RANDOM - INICIAL [7, 3, 25, 6, 2, 20, 21, 14, 19, 10, 12, 24, 13, 15, 4, 16, 11, 9, 22, 1, 18, 23, 17, 5, 8] 17572
OPTIMO LOCAL - iter 34
--- 0.7938930988311768 seconds ---
SOL [23, 3, 25, 10, 17, 20, 12, 6, 18, 16, 14, 13, 4, 1, 15, 5, 21, 11, 8, 2, 24, 9, 19, 22, 7] 6762
------------------------------------------
------------------------------------------
--> BEST - INICIAL [10, 8, 2, 11, 16, 4, 17, 21, 7, 6, 15, 22, 14, 9, 18, 25, 5, 3, 23, 12, 13, 1, 19, 24, 20] 20590
OPTIMO LOCAL - iter 58
--- 0.7976791858673096 seconds ---
SOL [25, 22, 18, 5, 19, 2, 10, 11, 14, 6, 7, 23, 24, 9, 3, 13, 16, 17, 20, 8, 4, 1, 12, 21, 15] 5084

--> FIRST - INICIAL [10, 8, 2, 11, 16, 4, 17, 21, 7, 6, 15, 22, 14, 9, 18, 25, 5, 3, 23, 12, 13, 1, 19, 24, 20] 20590
OPTIMO LOCAL - iter 61
--- 3.3251562118530273 seconds ---
SOL [10, 8, 2, 5, 19, 15, 22, 21, 16, 6, 14, 24, 7, 23, 1, 13, 11, 20, 17, 25, 4, 3, 9, 12, 18] 6946

--> RANDOM - INICIAL [10, 8, 2, 11, 16, 4, 17, 21, 7, 6, 15, 22, 14, 9, 18, 25, 5, 3, 23, 12, 13, 1, 19, 24, 20] 20590
OPTIMO LOCAL - iter 32
--- 0.745805025100708 seconds ---
SOL [10, 20, 2, 24, 18, 22, 21, 11, 15, 5, 14, 1, 9, 7, 25, 16, 12, 6, 19, 23, 13, 4, 3, 17, 8] 6014
------------------------------------------
------------------------------------------
--> BEST - INICIAL [9, 3, 24, 6, 20, 13, 1, 18, 21, 5, 7, 10, 22, 15, 19, 8, 23, 4, 2, 14, 16, 12, 17, 25, 11] 21918
OPTIMO LOCAL - iter 42
--- 0.7539362907409668 seconds ---
SOL [7, 2, 24, 11, 21, 1, 15, 6, 9, 23, 22, 25, 3, 13, 8, 18, 19, 4, 20, 5, 17, 12, 14, 10, 16] 5300

--> FIRST - INICIAL [9, 3, 24, 6, 20, 13, 1, 18, 21, 5, 7, 10, 22, 15, 19, 8, 23, 4, 2, 14, 16, 12, 17, 25, 11] 21918
OPTIMO LOCAL - iter 63
--- 3.4416210651397705 seconds ---
SOL [22, 20, 24, 2, 25, 3, 15, 10, 1, 5, 7, 6, 19, 18, 9, 16, 13, 4, 11, 8, 17, 12, 14, 21, 23] 5342

--> RANDOM - INICIAL [9, 3, 24, 6, 20, 13, 1, 18, 21, 5, 7, 10, 22, 15, 19, 8, 23, 4, 2, 14, 16, 12, 17, 25, 11] 21918
OPTIMO LOCAL - iter 37
--- 0.8390316963195801 seconds ---
SOL [24, 7, 2, 10, 22, 11, 1, 8, 19, 25, 14, 17, 21, 15, 5, 18, 23, 4, 16, 3, 13, 12, 9, 6, 20] 6436
------------------------------------------
------------------------------------------
--> BEST - INICIAL [19, 13, 21, 16, 9, 3, 1, 15, 24, 20, 12, 25, 7, 2, 14, 10, 5, 4, 8, 17, 22, 18, 23, 11, 6] 21430
OPTIMO LOCAL - iter 37
--- 0.4927055835723877 seconds ---
SOL [11, 20, 22, 7, 24, 3, 1, 8, 19, 5, 2, 25, 21, 15, 16, 10, 18, 4, 23, 13, 17, 12, 14, 9, 6] 6508

--> FIRST - INICIAL [19, 13, 21, 16, 9, 3, 1, 15, 24, 20, 12, 25, 7, 2, 14, 10, 5, 4, 8, 17, 22, 18, 23, 11, 6] 21430
OPTIMO LOCAL - iter 51
--- 3.295560836791992 seconds ---
SOL [19, 25, 23, 5, 10, 3, 21, 15, 14, 18, 20, 6, 24, 8, 9, 16, 4, 1, 13, 7, 22, 17, 12, 2, 11] 6164

--> RANDOM - INICIAL [19, 13, 21, 16, 9, 3, 1, 15, 24, 20, 12, 25, 7, 2, 14, 10, 5, 4, 8, 17, 22, 18, 23, 11, 6] 21430
OPTIMO LOCAL - iter 28
--- 0.6866259574890137 seconds ---
SOL [23, 21, 24, 10, 9, 2, 15, 1, 19, 5, 18, 8, 22, 17, 11, 16, 12, 3, 7, 6, 25, 20, 14, 13, 4] 6190
------------------------------------------
------------------------------------------
--> BEST - INICIAL [2, 6, 5, 17, 16, 20, 25, 13, 21, 18, 11, 9, 24, 23, 4, 1, 22, 14, 10, 3, 8, 12, 15, 7, 19] 24782
OPTIMO LOCAL - iter 62
--- 0.6071810722351074 seconds ---
SOL [16, 7, 13, 5, 23, 11, 6, 21, 14, 17, 9, 24, 8, 2, 4, 1, 15, 3, 12, 10, 25, 20, 22, 19, 18] 6124

--> FIRST - INICIAL [2, 6, 5, 17, 16, 20, 25, 13, 21, 18, 11, 9, 24, 23, 4, 1, 22, 14, 10, 3, 8, 12, 15, 7, 19] 24782
OPTIMO LOCAL - iter 59
--- 3.446101427078247 seconds ---
SOL [17, 13, 5, 4, 1, 6, 16, 7, 12, 22, 20, 3, 21, 11, 25, 2, 14, 10, 9, 8, 19, 18, 24, 23, 15] 5710

--> RANDOM - INICIAL [2, 6, 5, 17, 16, 20, 25, 13, 21, 18, 11, 9, 24, 23, 4, 1, 22, 14, 10, 3, 8, 12, 15, 7, 19] 24782
OPTIMO LOCAL - iter 42
--- 0.9532501697540283 seconds ---
SOL [8, 11, 6, 25, 15, 9, 13, 22, 3, 21, 23, 5, 24, 1, 7, 2, 14, 10, 16, 4, 18, 19, 20, 17, 12] 6880
------------------------------------------
------------------------------------------
--> BEST - INICIAL [25, 21, 22, 16, 14, 17, 18, 13, 19, 15, 23, 9, 11, 1, 20, 4, 2, 24, 10, 5, 3, 7, 8, 6, 12] 20500
OPTIMO LOCAL - iter 36
--- 0.4061548709869385 seconds ---
SOL [11, 23, 20, 9, 14, 8, 3, 2, 25, 5, 17, 21, 22, 1, 10, 16, 13, 24, 18, 4, 7, 15, 19, 6, 12] 5524

--> FIRST - INICIAL [25, 21, 22, 16, 14, 17, 18, 13, 19, 15, 23, 9, 11, 1, 20, 4, 2, 24, 10, 5, 3, 7, 8, 6, 12] 20500
OPTIMO LOCAL - iter 69
--- 4.003077745437622 seconds ---
SOL [10, 2, 1, 18, 19, 23, 22, 3, 25, 8, 16, 24, 6, 20, 21, 15, 5, 11, 14, 4, 9, 7, 13, 17, 12] 5778

--> RANDOM - INICIAL [25, 21, 22, 16, 14, 17, 18, 13, 19, 15, 23, 9, 11, 1, 20, 4, 2, 24, 10, 5, 3, 7, 8, 6, 12] 20500
OPTIMO LOCAL - iter 35
--- 0.7621395587921143 seconds ---
SOL [21, 19, 6, 12, 14, 10, 13, 11, 20, 15, 18, 23, 24, 9, 17, 8, 3, 2, 4, 5, 7, 1, 22, 25, 16] 6640
------------------------------------------
------------------------------------------
--> BEST - INICIAL [11, 15, 6, 1, 16, 19, 20, 12, 8, 13, 4, 14, 3, 21, 24, 17, 5, 18, 7, 23, 25, 9, 22, 2, 10] 16350
OPTIMO LOCAL - iter 51
--- 0.8141336441040039 seconds ---
SOL [6, 23, 1, 4, 13, 21, 17, 25, 12, 9, 14, 24, 3, 22, 11, 18, 20, 5, 7, 8, 10, 16, 19, 2, 15] 6178

--> FIRST - INICIAL [11, 15, 6, 1, 16, 19, 20, 12, 8, 13, 4, 14, 3, 21, 24, 17, 5, 18, 7, 23, 25, 9, 22, 2, 10] 16350
OPTIMO LOCAL - iter 53
--- 2.8601040840148926 seconds ---
SOL [11, 24, 13, 20, 9, 10, 6, 4, 14, 8, 19, 5, 17, 12, 2, 15, 16, 25, 1, 21, 22, 18, 3, 23, 7] 5992

--> RANDOM - INICIAL [11, 15, 6, 1, 16, 19, 20, 12, 8, 13, 4, 14, 3, 21, 24, 17, 5, 18, 7, 23, 25, 9, 22, 2, 10] 16350
OPTIMO LOCAL - iter 34
--- 0.7205092906951904 seconds ---
SOL [11, 24, 22, 20, 7, 15, 25, 6, 3, 4, 19, 9, 13, 1, 17, 12, 18, 5, 2, 23, 16, 10, 14, 21, 8] 6674
------------------------------------------
------------------------------------------
--> BEST - INICIAL [13, 23, 7, 20, 24, 12, 5, 4, 11, 18, 1, 9, 8, 15, 22, 10, 3, 6, 25, 19, 16, 2, 14, 17, 21] 21406
OPTIMO LOCAL - iter 54
--- 0.37302708625793457 seconds ---
SOL [10, 8, 5, 23, 19, 21, 16, 24, 9, 25, 7, 4, 11, 15, 22, 18, 12, 6, 14, 1, 3, 13, 20, 17, 2] 5710

--> FIRST - INICIAL [13, 23, 7, 20, 24, 12, 5, 4, 11, 18, 1, 9, 8, 15, 22, 10, 3, 6, 25, 19, 16, 2, 14, 17, 21] 21406
OPTIMO LOCAL - iter 60
--- 3.129110336303711 seconds ---
SOL [23, 21, 24, 11, 9, 8, 15, 4, 7, 5, 13, 25, 17, 12, 10, 16, 18, 3, 19, 2, 6, 20, 14, 22, 1] 5640

--> RANDOM - INICIAL [13, 23, 7, 20, 24, 12, 5, 4, 11, 18, 1, 9, 8, 15, 22, 10, 3, 6, 25, 19, 16, 2, 14, 17, 21] 21406
OPTIMO LOCAL - iter 37
--- 0.7773289680480957 seconds ---
SOL [8, 2, 15, 9, 25, 22, 24, 3, 11, 10, 18, 1, 14, 20, 5, 19, 21, 6, 16, 4, 23, 13, 7, 17, 12] 7166
------------------------------------------
------------------------------------------
--> BEST - INICIAL [9, 10, 4, 16, 17, 6, 23, 18, 13, 25, 1, 7, 19, 2, 8, 15, 14, 21, 12, 24, 5, 22, 11, 3, 20] 20436
OPTIMO LOCAL - iter 44
--- 0.559394121170044 seconds ---
SOL [11, 1, 19, 24, 9, 17, 10, 2, 15, 8, 12, 4, 22, 7, 25, 21, 14, 16, 18, 3, 23, 5, 13, 6, 20] 5964

--> FIRST - INICIAL [9, 10, 4, 16, 17, 6, 23, 18, 13, 25, 1, 7, 19, 2, 8, 15, 14, 21, 12, 24, 5, 22, 11, 3, 20] 20436
OPTIMO LOCAL - iter 40
--- 2.139315128326416 seconds ---
SOL [9, 10, 12, 5, 11, 18, 4, 8, 16, 2, 13, 17, 25, 23, 7, 22, 1, 3, 19, 24, 6, 20, 14, 21, 15] 6994

--> RANDOM - INICIAL [9, 10, 4, 16, 17, 6, 23, 18, 13, 25, 1, 7, 19, 2, 8, 15, 14, 21, 12, 24, 5, 22, 11, 3, 20] 20436
OPTIMO LOCAL - iter 37
--- 0.7834322452545166 seconds ---
SOL [24, 11, 12, 5, 22, 9, 4, 2, 16, 8, 13, 10, 7, 1, 25, 15, 19, 23, 18, 3, 6, 21, 17, 14, 20] 7134
------------------------------------------
------------------------------------------
OPT [25, 12, 5, 3, 18, 4, 16, 8, 20, 10, 14, 6, 15, 23, 24, 19, 13, 1, 21, 11, 17, 2, 22, 7, 9] 3796
BEST -> 5714.2 0.5742415428161621 [4964, 5786, 5084, 5300, 6508, 6124, 5524, 6178, 5710, 5964]
FISRT -> 6045.6 3.1234666109085083 [5980, 5910, 6946, 5342, 6164, 5710, 5778, 5992, 5640, 6994]
RANDOM -> 6682.8 0.7616010904312134 [6932, 6762, 6014, 6436, 6190, 6880, 6640, 6674, 7166, 7134]
