------------------------------------------
--> BEST - INICIAL [16, 14, 83, 86, 69, 7, 45, 29, 35, 30, 90, 6, 85, 88, 51, 17, 95, 50, 47, 74, 98, 11, 40, 67, 72, 25, 71, 46, 18, 73, 76, 57, 59, 55, 100, 4, 43, 97, 23, 99, 82, 92, 39, 60, 34, 10, 91, 89, 62, 53, 44, 63, 24, 22, 31, 80, 49, 9, 32, 81, 94, 70, 96, 1, 61, 28, 26, 12, 56, 77, 38, 13, 48, 66, 54, 68, 21, 3, 64, 93, 8, 20, 5, 19, 42, 87, 27, 15, 36, 37, 84, 79, 2, 58, 78, 33, 75, 41, 52, 65] 24250192
--- 200 iteraciones
--- 48.32061243057251 seconds ---
SOL [38, 15, 68, 4, 11, 82, 69, 51, 7, 13, 16, 6, 62, 73, 59, 91, 35, 45, 98, 85, 100, 36, 86, 22, 67, 58, 26, 96, 71, 30, 31, 57, 79, 55, 92, 34, 1, 94, 97, 48, 72, 43, 83, 27, 17, 70, 46, 89, 42, 53, 44, 25, 24, 63, 87, 80, 49, 9, 32, 81, 90, 18, 39, 40, 61, 28, 19, 12, 3, 77, 74, 60, 10, 66, 54, 88, 21, 99, 64, 93, 8, 20, 5, 50, 75, 47, 23, 56, 76, 37, 84, 95, 2, 29, 78, 33, 14, 41, 52, 65] 22228908

--> FIRST - INICIAL [16, 14, 83, 86, 69, 7, 45, 29, 35, 30, 90, 6, 85, 88, 51, 17, 95, 50, 47, 74, 98, 11, 40, 67, 72, 25, 71, 46, 18, 73, 76, 57, 59, 55, 100, 4, 43, 97, 23, 99, 82, 92, 39, 60, 34, 10, 91, 89, 62, 53, 44, 63, 24, 22, 31, 80, 49, 9, 32, 81, 94, 70, 96, 1, 61, 28, 26, 12, 56, 77, 38, 13, 48, 66, 54, 68, 21, 3, 64, 93, 8, 20, 5, 19, 42, 87, 27, 15, 36, 37, 84, 79, 2, 58, 78, 33, 75, 41, 52, 65] 24250192
--- 200 iteraciones
--- 2892.5110955238342 seconds ---
SOL [16, 14, 83, 86, 69, 7, 45, 29, 35, 30, 90, 6, 85, 88, 51, 17, 95, 50, 47, 74, 98, 11, 40, 67, 72, 25, 71, 46, 18, 73, 76, 57, 59, 55, 100, 4, 43, 97, 23, 99, 82, 92, 39, 60, 34, 10, 80, 68, 89, 56, 64, 1, 24, 61, 41, 94, 87, 20, 32, 26, 75, 96, 12, 70, 91, 9, 48, 28, 77, 13, 54, 52, 42, 5, 44, 81, 62, 65, 33, 2, 58, 19, 22, 38, 3, 36, 93, 79, 78, 84, 27, 49, 63, 66, 37, 53, 31, 21, 15, 8] 22670750

--> RANDOM - INICIAL [16, 14, 83, 86, 69, 7, 45, 29, 35, 30, 90, 6, 85, 88, 51, 17, 95, 50, 47, 74, 98, 11, 40, 67, 72, 25, 71, 46, 18, 73, 76, 57, 59, 55, 100, 4, 43, 97, 23, 99, 82, 92, 39, 60, 34, 10, 91, 89, 62, 53, 44, 63, 24, 22, 31, 80, 49, 9, 32, 81, 94, 70, 96, 1, 61, 28, 26, 12, 56, 77, 38, 13, 48, 66, 54, 68, 21, 3, 64, 93, 8, 20, 5, 19, 42, 87, 27, 15, 36, 37, 84, 79, 2, 58, 78, 33, 75, 41, 52, 65] 24250192
OPTIMO LOCAL - iter 162
--- 871.679167509079 seconds ---
SOL [1, 88, 87, 78, 40, 7, 72, 76, 24, 35, 56, 25, 61, 70, 94, 69, 65, 45, 43, 21, 99, 11, 37, 17, 79, 92, 83, 46, 48, 44, 85, 98, 93, 62, 9, 80, 33, 59, 42, 18, 51, 39, 2, 5, 55, 90, 74, 89, 50, 53, 3, 57, 54, 100, 30, 10, 19, 81, 32, 95, 4, 73, 96, 27, 6, 38, 49, 75, 8, 47, 86, 60, 13, 66, 63, 91, 77, 15, 82, 36, 14, 20, 23, 22, 67, 12, 71, 84, 58, 31, 34, 64, 68, 16, 97, 29, 28, 41, 52, 26] 21931918
------------------------------------------
------------------------------------------
--> BEST - INICIAL [97, 65, 33, 56, 90, 86, 58, 52, 5, 66, 54, 70, 19, 67, 12, 51, 21, 3, 48, 80, 14, 50, 68, 63, 55, 37, 49, 6, 13, 4, 98, 79, 16, 36, 61, 57, 100, 83, 2, 82, 76, 46, 26, 32, 42, 40, 39, 23, 93, 91, 78, 17, 89, 7, 31, 81, 41, 96, 64, 35, 74, 44, 92, 59, 88, 95, 85, 71, 25, 53, 45, 8, 99, 28, 43, 18, 47, 10, 30, 60, 84, 9, 27, 24, 72, 62, 15, 11, 34, 77, 75, 73, 38, 87, 20, 29, 1, 22, 94, 69] 24193366
--- 200 iteraciones
--- 44.682677268981934 seconds ---
SOL [5, 83, 61, 47, 87, 55, 1, 37, 12, 71, 51, 73, 46, 8, 25, 56, 45, 30, 28, 14, 85, 48, 23, 68, 70, 93, 21, 6, 90, 42, 52, 79, 80, 64, 27, 16, 86, 3, 88, 32, 76, 50, 26, 31, 17, 58, 4, 97, 13, 36, 78, 2, 89, 66, 49, 81, 41, 96, 39, 35, 91, 44, 92, 74, 84, 95, 40, 54, 100, 10, 7, 82, 99, 33, 43, 18, 65, 63, 19, 60, 67, 9, 53, 24, 72, 62, 15, 11, 34, 77, 75, 57, 38, 22, 20, 29, 98, 59, 94, 69] 22234126

--> FIRST - INICIAL [97, 65, 33, 56, 90, 86, 58, 52, 5, 66, 54, 70, 19, 67, 12, 51, 21, 3, 48, 80, 14, 50, 68, 63, 55, 37, 49, 6, 13, 4, 98, 79, 16, 36, 61, 57, 100, 83, 2, 82, 76, 46, 26, 32, 42, 40, 39, 23, 93, 91, 78, 17, 89, 7, 31, 81, 41, 96, 64, 35, 74, 44, 92, 59, 88, 95, 85, 71, 25, 53, 45, 8, 99, 28, 43, 18, 47, 10, 30, 60, 84, 9, 27, 24, 72, 62, 15, 11, 34, 77, 75, 73, 38, 87, 20, 29, 1, 22, 94, 69] 24193366
--- 200 iteraciones
--- 2650.5774579048157 seconds ---
SOL [97, 65, 33, 56, 90, 86, 58, 52, 5, 66, 54, 70, 19, 67, 12, 51, 21, 3, 48, 80, 14, 50, 68, 63, 55, 37, 49, 6, 13, 4, 98, 79, 16, 36, 61, 57, 100, 83, 2, 82, 76, 46, 26, 32, 71, 10, 27, 73, 7, 91, 23, 92, 64, 47, 93, 44, 41, 25, 53, 95, 30, 29, 24, 18, 72, 40, 15, 9, 99, 78, 59, 8, 69, 1, 20, 11, 31, 96, 84, 60, 62, 89, 85, 87, 28, 42, 43, 81, 22, 75, 35, 39, 38, 77, 94, 45, 17, 88, 34, 74] 22576124

--> RANDOM - INICIAL [97, 65, 33, 56, 90, 86, 58, 52, 5, 66, 54, 70, 19, 67, 12, 51, 21, 3, 48, 80, 14, 50, 68, 63, 55, 37, 49, 6, 13, 4, 98, 79, 16, 36, 61, 57, 100, 83, 2, 82, 76, 46, 26, 32, 42, 40, 39, 23, 93, 91, 78, 17, 89, 7, 31, 81, 41, 96, 64, 35, 74, 44, 92, 59, 88, 95, 85, 71, 25, 53, 45, 8, 99, 28, 43, 18, 47, 10, 30, 60, 84, 9, 27, 24, 72, 62, 15, 11, 34, 77, 75, 73, 38, 87, 20, 29, 1, 22, 94, 69] 24193366
OPTIMO LOCAL - iter 193
--- 1052.7875082492828 seconds ---
SOL [82, 29, 6, 71, 91, 62, 76, 7, 15, 10, 3, 73, 41, 13, 81, 40, 57, 87, 2, 94, 21, 67, 18, 4, 14, 63, 32, 88, 85, 42, 35, 68, 89, 56, 61, 16, 8, 27, 43, 83, 97, 20, 47, 52, 1, 93, 39, 51, 69, 54, 78, 55, 58, 50, 9, 65, 5, 49, 60, 44, 22, 75, 64, 25, 84, 48, 92, 98, 30, 80, 28, 90, 38, 31, 17, 66, 79, 77, 72, 45, 96, 53, 46, 95, 23, 86, 24, 11, 34, 12, 70, 19, 99, 59, 36, 26, 74, 100, 33, 37] 21822546
------------------------------------------
------------------------------------------
--> BEST - INICIAL [13, 56, 41, 68, 90, 38, 100, 85, 14, 42, 92, 51, 9, 73, 99, 50, 98, 6, 97, 65, 64, 11, 72, 20, 86, 87, 36, 32, 61, 55, 18, 22, 17, 39, 4, 67, 30, 75, 60, 25, 35, 23, 34, 83, 48, 95, 96, 31, 49, 26, 46, 33, 89, 7, 5, 57, 16, 58, 19, 29, 47, 10, 69, 71, 91, 8, 52, 43, 21, 93, 63, 76, 1, 45, 82, 15, 54, 28, 74, 40, 88, 78, 37, 24, 2, 27, 44, 59, 77, 94, 79, 70, 3, 81, 80, 84, 53, 66, 62, 12] 24166412
--- 200 iteraciones
--- 171.05801820755005 seconds ---
SOL [30, 26, 82, 77, 59, 35, 73, 83, 42, 14, 99, 95, 91, 34, 98, 51, 47, 92, 6, 36, 4, 66, 33, 68, 16, 64, 38, 100, 22, 49, 18, 32, 23, 39, 63, 87, 65, 58, 25, 12, 60, 85, 13, 46, 48, 45, 61, 31, 55, 28, 5, 17, 89, 52, 81, 7, 90, 97, 19, 41, 71, 10, 56, 8, 57, 86, 75, 29, 21, 93, 72, 76, 11, 15, 43, 3, 54, 78, 74, 40, 37, 88, 96, 24, 80, 27, 44, 69, 62, 94, 79, 70, 2, 67, 50, 84, 53, 20, 1, 9] 21999886

--> FIRST - INICIAL [13, 56, 41, 68, 90, 38, 100, 85, 14, 42, 92, 51, 9, 73, 99, 50, 98, 6, 97, 65, 64, 11, 72, 20, 86, 87, 36, 32, 61, 55, 18, 22, 17, 39, 4, 67, 30, 75, 60, 25, 35, 23, 34, 83, 48, 95, 96, 31, 49, 26, 46, 33, 89, 7, 5, 57, 16, 58, 19, 29, 47, 10, 69, 71, 91, 8, 52, 43, 21, 93, 63, 76, 1, 45, 82, 15, 54, 28, 74, 40, 88, 78, 37, 24, 2, 27, 44, 59, 77, 94, 79, 70, 3, 81, 80, 84, 53, 66, 62, 12] 24166412
--- 200 iteraciones
--- 2822.035587310791 seconds ---
SOL [13, 56, 41, 68, 90, 38, 100, 85, 14, 42, 92, 51, 9, 73, 99, 50, 98, 6, 97, 65, 64, 11, 72, 20, 86, 87, 36, 32, 61, 55, 18, 22, 17, 39, 4, 67, 30, 75, 60, 25, 7, 23, 80, 83, 34, 62, 58, 2, 19, 82, 66, 54, 89, 88, 5, 57, 93, 24, 71, 95, 45, 59, 12, 16, 31, 94, 43, 70, 37, 53, 49, 81, 52, 8, 69, 28, 79, 29, 74, 21, 84, 44, 91, 76, 27, 63, 48, 35, 78, 47, 77, 33, 96, 15, 1, 10, 46, 40, 3, 26] 22451002

--> RANDOM - INICIAL [13, 56, 41, 68, 90, 38, 100, 85, 14, 42, 92, 51, 9, 73, 99, 50, 98, 6, 97, 65, 64, 11, 72, 20, 86, 87, 36, 32, 61, 55, 18, 22, 17, 39, 4, 67, 30, 75, 60, 25, 35, 23, 34, 83, 48, 95, 96, 31, 49, 26, 46, 33, 89, 7, 5, 57, 16, 58, 19, 29, 47, 10, 69, 71, 91, 8, 52, 43, 21, 93, 63, 76, 1, 45, 82, 15, 54, 28, 74, 40, 88, 78, 37, 24, 2, 27, 44, 59, 77, 94, 79, 70, 3, 81, 80, 84, 53, 66, 62, 12] 24166412
--- 200 iteraciones
--- 1096.1660346984863 seconds ---
SOL [77, 41, 65, 46, 93, 79, 52, 5, 1, 40, 25, 67, 100, 86, 55, 28, 15, 73, 98, 70, 64, 74, 71, 63, 13, 57, 32, 62, 3, 22, 75, 7, 44, 33, 30, 21, 34, 97, 92, 39, 76, 61, 68, 38, 58, 95, 29, 99, 42, 24, 88, 51, 96, 53, 66, 17, 83, 80, 11, 2, 60, 26, 54, 90, 59, 10, 81, 19, 31, 45, 27, 78, 14, 20, 94, 35, 8, 89, 37, 9, 82, 84, 23, 87, 18, 12, 48, 36, 91, 56, 4, 49, 6, 47, 85, 16, 72, 43, 50, 69] 21884748
------------------------------------------
------------------------------------------
--> BEST - INICIAL [44, 83, 52, 38, 42, 31, 74, 96, 34, 39, 29, 36, 12, 23, 30, 78, 82, 99, 32, 92, 85, 43, 77, 40, 16, 86, 79, 93, 24, 67, 37, 76, 15, 65, 17, 10, 20, 81, 91, 73, 46, 88, 4, 55, 2, 9, 97, 19, 75, 11, 54, 33, 56, 14, 8, 35, 68, 27, 61, 26, 58, 71, 21, 87, 70, 59, 69, 62, 7, 53, 41, 6, 48, 3, 47, 45, 66, 72, 95, 49, 22, 13, 80, 28, 90, 1, 100, 98, 63, 84, 57, 64, 25, 18, 51, 5, 94, 50, 89, 60] 24083226
--- 200 iteraciones
--- 71.7255311012268 seconds ---
SOL [46, 24, 51, 30, 83, 52, 41, 27, 1, 99, 14, 82, 91, 34, 13, 85, 78, 63, 16, 35, 69, 32, 77, 73, 71, 86, 79, 84, 39, 2, 97, 76, 15, 61, 94, 20, 74, 53, 36, 37, 96, 88, 40, 55, 43, 9, 45, 31, 4, 11, 54, 33, 92, 10, 8, 67, 6, 65, 66, 26, 58, 38, 21, 87, 23, 59, 28, 62, 44, 81, 95, 68, 48, 3, 47, 42, 18, 72, 93, 49, 22, 25, 80, 7, 90, 12, 100, 98, 19, 56, 57, 64, 75, 17, 29, 5, 70, 50, 89, 60] 22207692

--> FIRST - INICIAL [44, 83, 52, 38, 42, 31, 74, 96, 34, 39, 29, 36, 12, 23, 30, 78, 82, 99, 32, 92, 85, 43, 77, 40, 16, 86, 79, 93, 24, 67, 37, 76, 15, 65, 17, 10, 20, 81, 91, 73, 46, 88, 4, 55, 2, 9, 97, 19, 75, 11, 54, 33, 56, 14, 8, 35, 68, 27, 61, 26, 58, 71, 21, 87, 70, 59, 69, 62, 7, 53, 41, 6, 48, 3, 47, 45, 66, 72, 95, 49, 22, 13, 80, 28, 90, 1, 100, 98, 63, 84, 57, 64, 25, 18, 51, 5, 94, 50, 89, 60] 24083226
--- 200 iteraciones
--- 2803.524533033371 seconds ---
SOL [44, 83, 52, 38, 42, 31, 74, 96, 34, 39, 29, 36, 12, 23, 30, 78, 82, 99, 32, 92, 85, 43, 77, 40, 16, 86, 79, 93, 24, 67, 37, 76, 15, 65, 53, 10, 20, 94, 91, 90, 3, 87, 73, 55, 25, 9, 97, 54, 50, 11, 45, 33, 56, 14, 72, 64, 75, 5, 18, 26, 6, 13, 84, 98, 51, 59, 69, 61, 27, 49, 1, 8, 70, 46, 63, 68, 4, 66, 41, 100, 19, 48, 2, 80, 7, 60, 89, 28, 95, 71, 17, 22, 62, 57, 47, 21, 81, 88, 58, 35] 22558462

--> RANDOM - INICIAL [44, 83, 52, 38, 42, 31, 74, 96, 34, 39, 29, 36, 12, 23, 30, 78, 82, 99, 32, 92, 85, 43, 77, 40, 16, 86, 79, 93, 24, 67, 37, 76, 15, 65, 17, 10, 20, 81, 91, 73, 46, 88, 4, 55, 2, 9, 97, 19, 75, 11, 54, 33, 56, 14, 8, 35, 68, 27, 61, 26, 58, 71, 21, 87, 70, 59, 69, 62, 7, 53, 41, 6, 48, 3, 47, 45, 66, 72, 95, 49, 22, 13, 80, 28, 90, 1, 100, 98, 63, 84, 57, 64, 25, 18, 51, 5, 94, 50, 89, 60] 24083226
OPTIMO LOCAL - iter 171
--- 931.5635411739349 seconds ---
SOL [100, 32, 52, 57, 9, 26, 59, 30, 61, 94, 50, 1, 68, 85, 55, 95, 40, 43, 19, 70, 35, 65, 82, 86, 90, 12, 53, 67, 75, 36, 37, 93, 92, 2, 62, 51, 79, 44, 89, 38, 58, 5, 4, 8, 60, 20, 3, 63, 83, 99, 88, 31, 56, 10, 33, 46, 54, 78, 91, 81, 74, 27, 21, 66, 72, 23, 34, 42, 7, 97, 24, 28, 48, 22, 14, 76, 45, 69, 96, 87, 39, 15, 80, 18, 73, 71, 6, 64, 98, 17, 84, 49, 25, 16, 13, 29, 41, 11, 47, 77] 21879600
------------------------------------------
------------------------------------------
--> BEST - INICIAL [56, 17, 7, 57, 20, 13, 1, 28, 94, 96, 41, 61, 75, 55, 72, 2, 69, 38, 39, 89, 58, 36, 82, 44, 53, 26, 46, 54, 9, 67, 24, 27, 66, 37, 73, 12, 40, 3, 60, 47, 83, 43, 91, 34, 79, 19, 100, 99, 76, 31, 92, 33, 84, 29, 52, 81, 11, 93, 5, 18, 14, 85, 63, 51, 49, 42, 45, 70, 32, 15, 80, 48, 65, 6, 77, 22, 64, 86, 68, 62, 25, 16, 98, 21, 97, 23, 78, 59, 50, 10, 30, 4, 74, 95, 71, 90, 8, 35, 87, 88] 24059222
--- 200 iteraciones
--- 108.15249013900757 seconds ---
SOL [6, 75, 94, 83, 2, 52, 91, 56, 93, 53, 37, 65, 33, 8, 4, 40, 89, 26, 41, 55, 67, 34, 21, 13, 1, 38, 46, 54, 9, 18, 97, 48, 66, 63, 72, 15, 31, 39, 71, 73, 57, 43, 12, 36, 61, 19, 64, 99, 30, 79, 92, 62, 17, 29, 20, 81, 11, 25, 68, 80, 14, 49, 10, 51, 74, 42, 45, 44, 32, 96, 47, 27, 69, 82, 24, 22, 84, 86, 95, 60, 58, 16, 98, 76, 85, 23, 78, 59, 5, 3, 77, 28, 7, 50, 70, 90, 100, 35, 87, 88] 22137344

--> FIRST - INICIAL [56, 17, 7, 57, 20, 13, 1, 28, 94, 96, 41, 61, 75, 55, 72, 2, 69, 38, 39, 89, 58, 36, 82, 44, 53, 26, 46, 54, 9, 67, 24, 27, 66, 37, 73, 12, 40, 3, 60, 47, 83, 43, 91, 34, 79, 19, 100, 99, 76, 31, 92, 33, 84, 29, 52, 81, 11, 93, 5, 18, 14, 85, 63, 51, 49, 42, 45, 70, 32, 15, 80, 48, 65, 6, 77, 22, 64, 86, 68, 62, 25, 16, 98, 21, 97, 23, 78, 59, 50, 10, 30, 4, 74, 95, 71, 90, 8, 35, 87, 88] 24059222
--- 200 iteraciones
--- 2668.006322860718 seconds ---
SOL [56, 17, 7, 57, 20, 13, 1, 28, 94, 96, 41, 61, 75, 55, 72, 2, 69, 38, 39, 89, 58, 36, 82, 44, 53, 26, 46, 54, 9, 79, 24, 93, 66, 37, 73, 12, 84, 83, 71, 67, 3, 87, 47, 90, 59, 6, 60, 51, 74, 78, 23, 99, 33, 88, 34, 70, 11, 80, 5, 65, 50, 49, 48, 62, 10, 32, 97, 16, 45, 29, 98, 22, 92, 15, 19, 76, 86, 68, 31, 43, 21, 27, 77, 14, 52, 91, 63, 85, 35, 64, 42, 81, 40, 8, 25, 4, 18, 30, 100, 95] 22308058

--> RANDOM - INICIAL [56, 17, 7, 57, 20, 13, 1, 28, 94, 96, 41, 61, 75, 55, 72, 2, 69, 38, 39, 89, 58, 36, 82, 44, 53, 26, 46, 54, 9, 67, 24, 27, 66, 37, 73, 12, 40, 3, 60, 47, 83, 43, 91, 34, 79, 19, 100, 99, 76, 31, 92, 33, 84, 29, 52, 81, 11, 93, 5, 18, 14, 85, 63, 51, 49, 42, 45, 70, 32, 15, 80, 48, 65, 6, 77, 22, 64, 86, 68, 62, 25, 16, 98, 21, 97, 23, 78, 59, 50, 10, 30, 4, 74, 95, 71, 90, 8, 35, 87, 88] 24059222
OPTIMO LOCAL - iter 172
--- 922.3944013118744 seconds ---
SOL [91, 38, 13, 15, 19, 49, 4, 72, 17, 39, 33, 62, 95, 92, 74, 21, 69, 1, 34, 26, 5, 47, 65, 44, 53, 32, 77, 60, 67, 46, 9, 40, 27, 88, 73, 12, 31, 94, 42, 96, 86, 30, 85, 57, 84, 50, 83, 75, 97, 37, 61, 6, 45, 41, 52, 29, 11, 66, 22, 98, 63, 35, 100, 25, 55, 20, 14, 90, 3, 2, 81, 48, 82, 10, 79, 76, 54, 56, 68, 99, 59, 93, 7, 8, 58, 80, 71, 18, 78, 64, 23, 89, 24, 51, 28, 43, 70, 36, 87, 16] 21744716
------------------------------------------
------------------------------------------
OPT [17, 63, 58, 71, 77, 25, 48, 6, 1, 29, 4, 12, 65, 9, 18, 44, 99, 69, 79, 81, 46, 80, 35, 59, 3, 74, 97, 28, 15, 55, 24, 76, 45, 75, 34, 33, 78, 19, 20, 73, 95, 36, 52, 98, 5, 23, 92, 88, 54, 27, 83, 86, 43, 87, 60, 61, 84, 2, 100, 39, 49, 21, 7, 53, 96, 67, 91, 47, 32, 16, 10, 41, 66, 85, 13, 72, 90, 40, 93, 31, 38, 68, 57, 37, 30, 8, 89, 26, 11, 22, 56, 14, 70, 51, 42, 50, 62, 64, 94, 82] 21052466
BEST -> 22161591.2 88.78786582946778 [22228908, 22234126, 21999886, 22207692, 22137344]
FISRT -> 22512879.2 2767.3309993267058 [22670750, 22576124, 22451002, 22558462, 22308058]
RANDOM -> 21852705.6 974.9181305885315 [21931918, 21822546, 21884748, 21879600, 21744716]
