------------------------------------------
--> BEST - INICIAL [22, 80, 60, 23, 16, 65, 57, 36, 32, 48, 10, 55, 8, 49, 33, 24, 29, 78, 72, 64, 79, 75, 74, 30, 43, 13, 2, 42, 34, 52, 31, 38, 3, 25, 46, 5, 58, 56, 69, 70, 73, 6, 40, 61, 20, 68, 12, 66, 76, 4, 1, 53, 18, 27, 54, 26, 28, 59, 67, 39, 77, 62, 47, 50, 71, 19, 9, 15, 45, 51, 35, 63, 17, 21, 44, 11, 14, 41, 37, 7] 15524324
OPTIMO LOCAL - iter 178
--- 157.1987006664276 seconds ---
SOL [41, 75, 68, 44, 36, 23, 58, 40, 3, 57, 65, 4, 33, 64, 2, 39, 49, 63, 43, 80, 79, 46, 74, 51, 16, 76, 48, 30, 28, 56, 24, 50, 62, 7, 25, 35, 60, 18, 5, 12, 32, 22, 6, 34, 19, 59, 21, 47, 38, 54, 11, 53, 73, 77, 42, 20, 72, 26, 67, 61, 27, 69, 8, 31, 70, 29, 9, 15, 45, 52, 66, 13, 17, 78, 1, 10, 14, 71, 37, 55] 13998288

--> FIRST - INICIAL [22, 80, 60, 23, 16, 65, 57, 36, 32, 48, 10, 55, 8, 49, 33, 24, 29, 78, 72, 64, 79, 75, 74, 30, 43, 13, 2, 42, 34, 52, 31, 38, 3, 25, 46, 5, 58, 56, 69, 70, 73, 6, 40, 61, 20, 68, 12, 66, 76, 4, 1, 53, 18, 27, 54, 26, 28, 59, 67, 39, 77, 62, 47, 50, 71, 19, 9, 15, 45, 51, 35, 63, 17, 21, 44, 11, 14, 41, 37, 7] 15524324
--- 200 iteraciones
--- 1123.6257622241974 seconds ---
SOL [22, 80, 60, 45, 16, 65, 57, 46, 4, 48, 27, 55, 66, 49, 8, 40, 18, 73, 39, 64, 3, 29, 74, 42, 43, 12, 2, 13, 6, 69, 56, 72, 28, 21, 53, 77, 75, 14, 23, 52, 50, 1, 20, 54, 51, 38, 68, 7, 26, 36, 35, 76, 47, 31, 71, 70, 30, 11, 61, 67, 78, 79, 33, 34, 62, 32, 15, 5, 44, 24, 9, 10, 17, 63, 37, 59, 58, 19, 41, 25] 14033726

--> RANDOM - INICIAL [22, 80, 60, 23, 16, 65, 57, 36, 32, 48, 10, 55, 8, 49, 33, 24, 29, 78, 72, 64, 79, 75, 74, 30, 43, 13, 2, 42, 34, 52, 31, 38, 3, 25, 46, 5, 58, 56, 69, 70, 73, 6, 40, 61, 20, 68, 12, 66, 76, 4, 1, 53, 18, 27, 54, 26, 28, 59, 67, 39, 77, 62, 47, 50, 71, 19, 9, 15, 45, 51, 35, 63, 17, 21, 44, 11, 14, 41, 37, 7] 15524324
OPTIMO LOCAL - iter 107
--- 243.44166016578674 seconds ---
SOL [22, 46, 3, 29, 35, 72, 31, 2, 62, 42, 27, 48, 50, 73, 54, 36, 67, 41, 38, 6, 37, 75, 53, 80, 60, 79, 9, 33, 15, 5, 19, 40, 28, 45, 64, 7, 12, 70, 8, 13, 55, 17, 11, 39, 20, 68, 25, 76, 66, 4, 1, 57, 24, 71, 26, 58, 63, 32, 77, 49, 18, 43, 65, 47, 59, 74, 10, 69, 51, 23, 56, 78, 34, 21, 44, 30, 14, 52, 61, 16] 14147430
------------------------------------------
------------------------------------------
--> BEST - INICIAL [36, 70, 26, 67, 44, 18, 56, 59, 9, 72, 31, 69, 43, 22, 54, 5, 12, 65, 25, 6, 50, 28, 32, 33, 21, 60, 30, 4, 68, 49, 29, 27, 78, 76, 2, 73, 1, 62, 55, 16, 42, 13, 66, 35, 17, 19, 45, 10, 61, 58, 79, 80, 24, 7, 77, 20, 53, 75, 34, 51, 46, 57, 48, 8, 47, 41, 74, 40, 38, 15, 63, 37, 52, 39, 64, 71, 14, 3, 11, 23] 15813894
OPTIMO LOCAL - iter 194
--- 89.75761079788208 seconds ---
SOL [46, 30, 59, 26, 10, 50, 18, 55, 45, 31, 60, 24, 42, 54, 34, 76, 22, 40, 11, 19, 38, 58, 66, 4, 17, 7, 9, 36, 12, 29, 32, 71, 21, 61, 44, 73, 79, 62, 70, 2, 41, 13, 56, 35, 57, 78, 33, 68, 28, 6, 72, 8, 52, 23, 77, 27, 53, 75, 80, 51, 25, 67, 48, 20, 47, 69, 74, 49, 39, 1, 63, 37, 65, 15, 43, 64, 14, 3, 16, 5] 14114140

--> FIRST - INICIAL [36, 70, 26, 67, 44, 18, 56, 59, 9, 72, 31, 69, 43, 22, 54, 5, 12, 65, 25, 6, 50, 28, 32, 33, 21, 60, 30, 4, 68, 49, 29, 27, 78, 76, 2, 73, 1, 62, 55, 16, 42, 13, 66, 35, 17, 19, 45, 10, 61, 58, 79, 80, 24, 7, 77, 20, 53, 75, 34, 51, 46, 57, 48, 8, 47, 41, 74, 40, 38, 15, 63, 37, 52, 39, 64, 71, 14, 3, 11, 23] 15813894
--- 200 iteraciones
--- 1151.5972023010254 seconds ---
SOL [36, 70, 26, 67, 44, 18, 56, 59, 9, 72, 31, 69, 43, 22, 54, 5, 12, 37, 25, 32, 28, 55, 4, 15, 76, 75, 6, 52, 14, 49, 58, 1, 39, 3, 66, 73, 20, 62, 24, 16, 41, 38, 60, 11, 71, 19, 79, 40, 17, 68, 46, 61, 48, 80, 47, 35, 34, 33, 2, 78, 53, 21, 50, 74, 77, 29, 30, 45, 10, 7, 42, 13, 63, 64, 51, 27, 65, 23, 8, 57] 14307912

--> RANDOM - INICIAL [36, 70, 26, 67, 44, 18, 56, 59, 9, 72, 31, 69, 43, 22, 54, 5, 12, 65, 25, 6, 50, 28, 32, 33, 21, 60, 30, 4, 68, 49, 29, 27, 78, 76, 2, 73, 1, 62, 55, 16, 42, 13, 66, 35, 17, 19, 45, 10, 61, 58, 79, 80, 24, 7, 77, 20, 53, 75, 34, 51, 46, 57, 48, 8, 47, 41, 74, 40, 38, 15, 63, 37, 52, 39, 64, 71, 14, 3, 11, 23] 15813894
OPTIMO LOCAL - iter 128
--- 291.03538274765015 seconds ---
SOL [53, 64, 29, 27, 20, 68, 21, 46, 44, 78, 59, 19, 67, 60, 47, 30, 12, 61, 1, 76, 24, 52, 13, 33, 37, 80, 71, 4, 70, 6, 10, 26, 40, 62, 57, 2, 28, 55, 15, 32, 42, 14, 56, 72, 79, 31, 17, 49, 69, 58, 8, 41, 51, 23, 77, 38, 43, 75, 11, 74, 34, 65, 48, 5, 45, 73, 36, 9, 35, 25, 39, 22, 16, 63, 7, 66, 50, 3, 54, 18] 14222884
------------------------------------------
------------------------------------------
--> BEST - INICIAL [73, 16, 77, 80, 27, 23, 22, 2, 9, 38, 26, 11, 49, 42, 45, 28, 70, 63, 72, 34, 31, 78, 13, 75, 44, 41, 65, 6, 15, 57, 48, 33, 55, 7, 62, 50, 59, 24, 17, 30, 5, 37, 51, 66, 71, 52, 3, 14, 76, 21, 32, 69, 79, 61, 8, 58, 35, 36, 25, 39, 20, 12, 67, 47, 1, 10, 43, 53, 60, 19, 54, 64, 4, 74, 46, 18, 68, 29, 56, 40] 15712712
--- 200 iteraciones
--- 107.30627584457397 seconds ---
SOL [77, 40, 75, 54, 36, 2, 39, 19, 48, 16, 9, 60, 17, 38, 41, 7, 11, 76, 23, 78, 31, 25, 29, 20, 49, 24, 72, 80, 56, 30, 74, 33, 50, 67, 62, 66, 21, 55, 45, 57, 22, 42, 5, 65, 71, 51, 73, 14, 59, 46, 37, 69, 79, 61, 27, 58, 3, 35, 63, 6, 26, 32, 64, 47, 1, 10, 43, 53, 52, 44, 70, 28, 4, 12, 8, 13, 68, 34, 15, 18] 14059750

--> FIRST - INICIAL [73, 16, 77, 80, 27, 23, 22, 2, 9, 38, 26, 11, 49, 42, 45, 28, 70, 63, 72, 34, 31, 78, 13, 75, 44, 41, 65, 6, 15, 57, 48, 33, 55, 7, 62, 50, 59, 24, 17, 30, 5, 37, 51, 66, 71, 52, 3, 14, 76, 21, 32, 69, 79, 61, 8, 58, 35, 36, 25, 39, 20, 12, 67, 47, 1, 10, 43, 53, 60, 19, 54, 64, 4, 74, 46, 18, 68, 29, 56, 40] 15712712
--- 200 iteraciones
--- 1162.122802734375 seconds ---
SOL [73, 16, 77, 80, 27, 23, 22, 2, 9, 38, 26, 11, 49, 42, 45, 28, 52, 63, 60, 31, 34, 46, 48, 75, 68, 41, 30, 79, 66, 15, 36, 57, 21, 44, 47, 70, 59, 55, 64, 3, 5, 25, 13, 7, 62, 74, 56, 17, 12, 33, 76, 8, 72, 58, 1, 4, 53, 61, 14, 50, 39, 29, 43, 20, 69, 6, 51, 78, 67, 35, 10, 54, 71, 65, 18, 19, 40, 32, 24, 37] 14212714

--> RANDOM - INICIAL [73, 16, 77, 80, 27, 23, 22, 2, 9, 38, 26, 11, 49, 42, 45, 28, 70, 63, 72, 34, 31, 78, 13, 75, 44, 41, 65, 6, 15, 57, 48, 33, 55, 7, 62, 50, 59, 24, 17, 30, 5, 37, 51, 66, 71, 52, 3, 14, 76, 21, 32, 69, 79, 61, 8, 58, 35, 36, 25, 39, 20, 12, 67, 47, 1, 10, 43, 53, 60, 19, 54, 64, 4, 74, 46, 18, 68, 29, 56, 40] 15712712
OPTIMO LOCAL - iter 126
--- 287.4177896976471 seconds ---
SOL [21, 28, 7, 18, 57, 44, 65, 12, 22, 38, 45, 11, 15, 20, 10, 79, 61, 77, 67, 52, 13, 72, 56, 47, 76, 41, 53, 14, 64, 55, 75, 26, 19, 3, 51, 8, 37, 78, 59, 2, 42, 70, 46, 34, 71, 74, 9, 48, 43, 17, 31, 4, 60, 1, 40, 58, 35, 36, 25, 27, 5, 29, 16, 73, 39, 80, 6, 30, 23, 69, 32, 33, 63, 62, 49, 66, 50, 24, 68, 54] 14114706
------------------------------------------
------------------------------------------
--> BEST - INICIAL [3, 50, 80, 78, 4, 19, 21, 16, 40, 52, 57, 38, 1, 63, 8, 35, 30, 13, 11, 66, 9, 5, 55, 26, 61, 73, 47, 60, 56, 7, 42, 69, 32, 22, 75, 28, 58, 29, 34, 48, 45, 59, 72, 44, 79, 24, 2, 6, 74, 33, 77, 23, 27, 53, 76, 46, 54, 39, 62, 14, 65, 31, 64, 71, 17, 18, 12, 70, 36, 25, 10, 20, 68, 15, 49, 41, 43, 67, 51, 37] 15600414
OPTIMO LOCAL - iter 180
--- 120.71334838867188 seconds ---
SOL [17, 48, 45, 65, 2, 5, 57, 10, 21, 63, 23, 34, 20, 50, 69, 4, 16, 70, 44, 71, 39, 11, 68, 79, 13, 58, 36, 60, 31, 52, 40, 32, 64, 67, 42, 28, 75, 29, 49, 35, 3, 59, 14, 30, 80, 66, 38, 43, 12, 47, 77, 19, 27, 53, 76, 55, 54, 18, 62, 56, 24, 22, 78, 74, 51, 26, 61, 73, 1, 25, 9, 46, 6, 15, 33, 41, 7, 37, 8, 72] 14026526

--> FIRST - INICIAL [3, 50, 80, 78, 4, 19, 21, 16, 40, 52, 57, 38, 1, 63, 8, 35, 30, 13, 11, 66, 9, 5, 55, 26, 61, 73, 47, 60, 56, 7, 42, 69, 32, 22, 75, 28, 58, 29, 34, 48, 45, 59, 72, 44, 79, 24, 2, 6, 74, 33, 77, 23, 27, 53, 76, 46, 54, 39, 62, 14, 65, 31, 64, 71, 17, 18, 12, 70, 36, 25, 10, 20, 68, 15, 49, 41, 43, 67, 51, 37] 15600414
--- 200 iteraciones
--- 1150.1939024925232 seconds ---
SOL [3, 50, 80, 78, 4, 19, 21, 16, 54, 52, 57, 38, 1, 55, 58, 12, 13, 73, 11, 66, 9, 42, 69, 26, 68, 8, 39, 61, 53, 14, 15, 10, 22, 32, 74, 49, 43, 27, 34, 48, 79, 17, 75, 77, 47, 5, 41, 30, 6, 7, 60, 44, 25, 76, 67, 31, 28, 71, 59, 36, 20, 35, 2, 51, 40, 45, 62, 63, 33, 24, 46, 72, 29, 65, 64, 23, 56, 18, 70, 37] 14078328

--> RANDOM - INICIAL [3, 50, 80, 78, 4, 19, 21, 16, 40, 52, 57, 38, 1, 63, 8, 35, 30, 13, 11, 66, 9, 5, 55, 26, 61, 73, 47, 60, 56, 7, 42, 69, 32, 22, 75, 28, 58, 29, 34, 48, 45, 59, 72, 44, 79, 24, 2, 6, 74, 33, 77, 23, 27, 53, 76, 46, 54, 39, 62, 14, 65, 31, 64, 71, 17, 18, 12, 70, 36, 25, 10, 20, 68, 15, 49, 41, 43, 67, 51, 37] 15600414
OPTIMO LOCAL - iter 132
--- 300.5092673301697 seconds ---
SOL [40, 75, 80, 70, 69, 79, 78, 19, 17, 13, 55, 57, 21, 63, 28, 72, 47, 4, 8, 23, 3, 52, 67, 15, 33, 34, 18, 9, 62, 43, 12, 2, 50, 66, 35, 38, 49, 36, 24, 53, 6, 48, 11, 77, 60, 41, 42, 30, 74, 22, 10, 32, 7, 45, 37, 46, 20, 64, 71, 26, 27, 31, 14, 59, 73, 25, 1, 5, 61, 54, 76, 39, 68, 65, 16, 44, 58, 29, 51, 56] 14038848
------------------------------------------
------------------------------------------
--> BEST - INICIAL [70, 18, 79, 77, 34, 65, 31, 8, 16, 63, 58, 15, 47, 64, 48, 69, 55, 68, 10, 20, 56, 49, 67, 42, 2, 11, 9, 66, 71, 41, 43, 74, 44, 78, 19, 1, 45, 60, 53, 23, 25, 4, 5, 21, 72, 26, 59, 24, 40, 33, 80, 46, 22, 50, 37, 28, 76, 7, 51, 61, 36, 57, 38, 73, 54, 62, 6, 12, 52, 17, 30, 14, 35, 29, 27, 75, 13, 3, 32, 39] 15656178
OPTIMO LOCAL - iter 188
--- 151.56574845314026 seconds ---
SOL [20, 12, 64, 79, 27, 34, 26, 72, 18, 5, 73, 16, 78, 46, 68, 37, 67, 41, 29, 35, 61, 43, 30, 8, 4, 6, 9, 22, 71, 76, 36, 66, 1, 2, 49, 74, 3, 33, 57, 23, 15, 38, 21, 31, 32, 52, 59, 80, 54, 56, 13, 24, 75, 10, 77, 28, 42, 7, 51, 44, 11, 60, 50, 58, 53, 62, 63, 25, 65, 17, 69, 14, 47, 48, 40, 55, 19, 45, 70, 39] 13970872

--> FIRST - INICIAL [70, 18, 79, 77, 34, 65, 31, 8, 16, 63, 58, 15, 47, 64, 48, 69, 55, 68, 10, 20, 56, 49, 67, 42, 2, 11, 9, 66, 71, 41, 43, 74, 44, 78, 19, 1, 45, 60, 53, 23, 25, 4, 5, 21, 72, 26, 59, 24, 40, 33, 80, 46, 22, 50, 37, 28, 76, 7, 51, 61, 36, 57, 38, 73, 54, 62, 6, 12, 52, 17, 30, 14, 35, 29, 27, 75, 13, 3, 32, 39] 15656178
--- 200 iteraciones
--- 1177.9875617027283 seconds ---
SOL [70, 18, 79, 77, 34, 65, 31, 8, 16, 63, 58, 15, 47, 64, 48, 69, 55, 68, 30, 73, 19, 78, 43, 42, 33, 53, 9, 25, 44, 11, 12, 41, 60, 2, 51, 1, 45, 72, 35, 59, 17, 46, 66, 54, 36, 52, 40, 23, 56, 10, 24, 26, 71, 32, 39, 3, 6, 22, 74, 4, 13, 29, 5, 20, 38, 61, 28, 57, 62, 67, 50, 80, 7, 21, 76, 49, 75, 27, 14, 37] 14169624

--> RANDOM - INICIAL [70, 18, 79, 77, 34, 65, 31, 8, 16, 63, 58, 15, 47, 64, 48, 69, 55, 68, 10, 20, 56, 49, 67, 42, 2, 11, 9, 66, 71, 41, 43, 74, 44, 78, 19, 1, 45, 60, 53, 23, 25, 4, 5, 21, 72, 26, 59, 24, 40, 33, 80, 46, 22, 50, 37, 28, 76, 7, 51, 61, 36, 57, 38, 73, 54, 62, 6, 12, 52, 17, 30, 14, 35, 29, 27, 75, 13, 3, 32, 39] 15656178
OPTIMO LOCAL - iter 131
--- 299.29374504089355 seconds ---
SOL [55, 63, 19, 51, 34, 11, 16, 40, 72, 71, 78, 4, 12, 74, 48, 68, 33, 66, 65, 62, 13, 35, 28, 42, 25, 36, 24, 21, 70, 14, 7, 38, 59, 46, 54, 18, 45, 57, 60, 27, 26, 58, 32, 79, 6, 69, 3, 56, 73, 43, 75, 8, 22, 23, 17, 37, 64, 29, 53, 76, 67, 10, 52, 1, 41, 39, 47, 49, 9, 61, 2, 5, 15, 50, 80, 44, 20, 31, 77, 30] 14067352
------------------------------------------
------------------------------------------
OPT [11, 19, 64, 51, 78, 54, 31, 80, 77, 14, 37, 59, 70, 27, 34, 26, 62, 60, 29, 17, 69, 49, 67, 79, 7, 18, 73, 39, 15, 56, 55, 58, 5, 23, 53, 48, 52, 63, 13, 44, 74, 6, 61, 33, 1, 41, 3, 43, 30, 9, 22, 47, 36, 20, 50, 25, 28, 42, 2, 66, 4, 76, 45, 24, 65, 71, 38, 16, 57, 12, 68, 72, 10, 40, 8, 21, 46, 75, 35, 32] 13499184
BEST -> 14033915.2 125.30833683013915 [13998288, 14114140, 14059750, 14026526, 13970872]
FISRT -> 14160460.8 1153.10544629097 [14033726, 14307912, 14212714, 14078328, 14169624]
RANDOM -> 14118244.0 284.3395689964294 [14147430, 14222884, 14114706, 14038848, 14067352]
