- Chr12a

12 9552
7  5 12  2  1  3  9 11 10  6  8  4

- Chr15c

 15  9504
 13  2  5  7  8  1 14  6  4  3 15  9 12 11 10

- Esc16c

    16       160
    11  14  10  16  12   8   9   3  13   6   5   7  15   2   1 4

- Esc16d

    16        16
    14   2  12   5   6  16   8  10   3   9  13   7  11  15   4 1

- Bur26a

 26   5426670
26  15  11  7  4  12  13  2  6  18  1  5  9  21  8  14  3  20  19  25  17 
10  16  24  23  22

- Bur26b

    26   3817852
    11  26  15   7   4  14   6  23  22  18   9   1   5  21   8
    12   3  20  19  10  25  17  24  16   2  13

- Nug28

 28  5166
18 21 9 1 28 20 11 3 13 12 10 19 14 22 15 2 25 16 4 23 7 17 24 26 5 27 8 6

- Nug30

 30  6124

5 12 6 13 2 21 26 24 10 9 29 28 17 1 8 7 19 25 23 22 11 16 30 4 15 18 27 3 14 20

- Lipa40b

 40  476581
 1 2 3 4 5 6 7 8 9 10 11 12 13 14 15 16 17 18 19 20
 21 22 23 24 25 26 27 28 29 30 31 32 33 34 35 36 37 38 39 40

- Lipa50a

 50  62093
 28 32 37 39 49 23 19 44 33 7 14 30 15 5 36 6 17 26 48 25
 40 3 45 27 18 31 29 16 9 12 1 8 4 2 50 21 43 35 24 38
 34 46 42 13 20 22 41 47 10 11

- Sko42

 42 15812 
 23 36 16 24 1 3 6 22 39 4 37 21 38 8 28 30 33 9 15 40 29 2 35 14 26 32 18 11 31 10 19 5 42 34 25 13 27 20 12 17 7 41

- Sko49
 49 23386
 4 19 1 24 14 13 47 17 32 15 9 41 7 36 21 37 45 10 35 42 26 5 33 27 6 43 20 25 16 30 38 34 29 18 28 39 8 23 2 48 11 46 44 22 3 31 12 40 49