------------------------------------------
--> BEST - INICIAL [12, 17, 20, 11, 13, 25, 19, 15, 7, 24, 3, 5, 2, 21, 16, 23, 9, 10, 8, 6, 4, 18, 1, 14, 22] 18630
OPTIMO LOCAL - iter 44
--- 0.5266139507293701 seconds ---
SOL [4, 3, 21, 17, 12, 25, 8, 7, 15, 23, 9, 5, 2, 11, 24, 16, 14, 10, 22, 6, 19, 18, 20, 13, 1] 6434

--> FIRST - INICIAL [12, 17, 20, 11, 13, 25, 19, 15, 7, 24, 3, 5, 2, 21, 16, 23, 9, 10, 8, 6, 4, 18, 1, 14, 22] 18630
OPTIMO LOCAL - iter 28
--- 1.4473850727081299 seconds ---
SOL [12, 17, 3, 11, 4, 1, 20, 15, 7, 2, 25, 5, 24, 8, 21, 22, 16, 10, 14, 6, 19, 18, 9, 23, 13] 6846

--> RANDOM - INICIAL [12, 17, 20, 11, 13, 25, 19, 15, 7, 24, 3, 5, 2, 21, 16, 23, 9, 10, 8, 6, 4, 18, 1, 14, 22] 18630
OPTIMO LOCAL - iter 30
--- 0.6516621112823486 seconds ---
SOL [7, 3, 4, 2, 17, 25, 12, 24, 22, 21, 9, 5, 11, 15, 8, 14, 16, 10, 23, 6, 19, 18, 20, 13, 1] 6048
------------------------------------------
------------------------------------------
--> BEST - INICIAL [13, 18, 5, 12, 15, 25, 24, 21, 14, 9, 2, 10, 20, 11, 23, 3, 7, 6, 22, 16, 1, 8, 4, 17, 19] 19974
OPTIMO LOCAL - iter 45
--- 0.39786839485168457 seconds ---
SOL [3, 25, 5, 12, 20, 22, 16, 24, 21, 9, 14, 2, 11, 15, 23, 13, 7, 6, 8, 10, 4, 1, 17, 19, 18] 6754

--> FIRST - INICIAL [13, 18, 5, 12, 15, 25, 24, 21, 14, 9, 2, 10, 20, 11, 23, 3, 7, 6, 22, 16, 1, 8, 4, 17, 19] 19974
OPTIMO LOCAL - iter 49
--- 2.7223613262176514 seconds ---
SOL [3, 10, 5, 25, 20, 18, 16, 21, 22, 24, 12, 23, 7, 8, 11, 15, 14, 6, 9, 1, 13, 4, 19, 17, 2] 5934

--> RANDOM - INICIAL [13, 18, 5, 12, 15, 25, 24, 21, 14, 9, 2, 10, 20, 11, 23, 3, 7, 6, 22, 16, 1, 8, 4, 17, 19] 19974
OPTIMO LOCAL - iter 27
--- 0.5860834121704102 seconds ---
SOL [24, 22, 7, 20, 15, 25, 11, 8, 3, 10, 18, 23, 2, 21, 5, 19, 14, 6, 16, 4, 13, 1, 9, 17, 12] 5956
------------------------------------------
------------------------------------------
--> BEST - INICIAL [10, 23, 5, 11, 24, 20, 21, 7, 15, 2, 12, 17, 1, 9, 25, 16, 4, 22, 18, 13, 6, 19, 14, 3, 8] 20266
OPTIMO LOCAL - iter 59
--- 0.8902411460876465 seconds ---
SOL [5, 9, 24, 16, 10, 11, 15, 6, 13, 18, 14, 20, 4, 1, 25, 12, 3, 23, 22, 2, 17, 8, 19, 21, 7] 6600

--> FIRST - INICIAL [10, 23, 5, 11, 24, 20, 21, 7, 15, 2, 12, 17, 1, 9, 25, 16, 4, 22, 18, 13, 6, 19, 14, 3, 8] 20266
OPTIMO LOCAL - iter 54
--- 2.8892271518707275 seconds ---
SOL [10, 23, 5, 18, 19, 21, 16, 2, 13, 11, 14, 12, 8, 7, 24, 9, 4, 25, 15, 1, 22, 3, 20, 17, 6] 5962

--> RANDOM - INICIAL [10, 23, 5, 11, 24, 20, 21, 7, 15, 2, 12, 17, 1, 9, 25, 16, 4, 22, 18, 13, 6, 19, 14, 3, 8] 20266
OPTIMO LOCAL - iter 27
--- 0.5742027759552002 seconds ---
SOL [2, 22, 18, 6, 21, 1, 10, 25, 13, 24, 12, 17, 9, 5, 11, 15, 4, 23, 7, 3, 16, 8, 19, 14, 20] 6850
------------------------------------------
------------------------------------------
--> BEST - INICIAL [21, 11, 12, 1, 25, 9, 20, 19, 18, 8, 3, 5, 16, 24, 14, 10, 2, 23, 17, 4, 7, 6, 22, 15, 13] 20536
OPTIMO LOCAL - iter 45
--- 0.5112738609313965 seconds ---
SOL [24, 11, 23, 7, 15, 9, 8, 5, 2, 10, 18, 20, 25, 16, 21, 19, 3, 1, 14, 4, 17, 6, 22, 13, 12] 6526

--> FIRST - INICIAL [21, 11, 12, 1, 25, 9, 20, 19, 18, 8, 3, 5, 16, 24, 14, 10, 2, 23, 17, 4, 7, 6, 22, 15, 13] 20536
OPTIMO LOCAL - iter 53
--- 2.907222032546997 seconds ---
SOL [24, 11, 20, 7, 15, 9, 3, 10, 17, 8, 13, 25, 19, 18, 23, 21, 5, 4, 16, 2, 6, 12, 14, 22, 1] 5450

--> RANDOM - INICIAL [21, 11, 12, 1, 25, 9, 20, 19, 18, 8, 3, 5, 16, 24, 14, 10, 2, 23, 17, 4, 7, 6, 22, 15, 13] 20536
OPTIMO LOCAL - iter 33
--- 0.7376704216003418 seconds ---
SOL [20, 11, 10, 3, 13, 9, 18, 22, 5, 4, 7, 25, 14, 1, 6, 12, 19, 23, 17, 8, 24, 21, 16, 2, 15] 7722
------------------------------------------
------------------------------------------
--> BEST - INICIAL [15, 9, 10, 11, 17, 12, 21, 2, 20, 14, 4, 6, 18, 25, 8, 16, 3, 23, 7, 22, 1, 19, 24, 13, 5] 20320
OPTIMO LOCAL - iter 47
--- 0.5811517238616943 seconds ---
SOL [17, 12, 15, 4, 23, 25, 24, 21, 14, 20, 22, 5, 2, 8, 11, 3, 16, 10, 7, 6, 19, 18, 9, 13, 1] 6344

--> FIRST - INICIAL [15, 9, 10, 11, 17, 12, 21, 2, 20, 14, 4, 6, 18, 25, 8, 16, 3, 23, 7, 22, 1, 19, 24, 13, 5] 20320
OPTIMO LOCAL - iter 46
--- 2.66418719291687 seconds ---
SOL [15, 13, 10, 24, 17, 6, 19, 2, 11, 16, 4, 3, 7, 1, 5, 18, 20, 23, 14, 25, 21, 8, 9, 12, 22] 6928

--> RANDOM - INICIAL [15, 9, 10, 11, 17, 12, 21, 2, 20, 14, 4, 6, 18, 25, 8, 16, 3, 23, 7, 22, 1, 19, 24, 13, 5] 20320
OPTIMO LOCAL - iter 35
--- 0.8105134963989258 seconds ---
SOL [24, 17, 22, 11, 15, 4, 2, 8, 7, 3, 12, 6, 21, 23, 20, 16, 13, 25, 14, 10, 1, 5, 9, 18, 19] 6370
------------------------------------------
------------------------------------------
OPT [25, 12, 5, 3, 18, 4, 16, 8, 20, 10, 14, 6, 15, 23, 24, 19, 13, 1, 21, 11, 17, 2, 22, 7, 9] 3796
BEST -> 6531.6 0.5814298152923584 [6434, 6754, 6600, 6526, 6344]
FISRT -> 6224.0 2.526076555252075 [6846, 5934, 5962, 5450, 6928]
RANDOM -> 6589.2 0.6720264434814454 [6048, 5956, 6850, 7722, 6370]
