Numero de corridas  10
------------------------------------------
--> BEST - INICIAL [35, 31, 37, 34, 50, 29, 45, 13, 43, 21, 5, 7, 42, 36, 6, 22, 19, 48, 8, 2, 49, 14, 17, 28, 40, 1, 47, 20, 41, 27, 24, 46, 25, 3, 15, 38, 30, 9, 10, 33, 44, 16, 26, 23, 39, 32, 12, 18, 4, 11] 64098
OPTIMO LOCAL - iter 94
--- 9.49714469909668 seconds ---
SOL [44, 23, 45, 18, 21, 20, 29, 22, 40, 37, 47, 24, 50, 36, 10, 13, 30, 5, 48, 2, 15, 7, 17, 26, 35, 1, 31, 11, 41, 28, 4, 46, 25, 43, 8, 42, 14, 6, 9, 3, 49, 16, 19, 38, 39, 32, 12, 33, 34, 27] 62899

--> FIRST - INICIAL [35, 31, 37, 34, 50, 29, 45, 13, 43, 21, 5, 7, 42, 36, 6, 22, 19, 48, 8, 2, 49, 14, 17, 28, 40, 1, 47, 20, 41, 27, 24, 46, 25, 3, 15, 38, 30, 9, 10, 33, 44, 16, 26, 23, 39, 32, 12, 18, 4, 11] 64098
OPTIMO LOCAL - iter 116
--- 104.42067670822144 seconds ---
SOL [35, 31, 16, 34, 50, 24, 28, 6, 4, 2, 41, 7, 27, 10, 42, 12, 29, 5, 17, 18, 1, 14, 32, 38, 15, 46, 47, 37, 21, 3, 48, 33, 39, 8, 44, 23, 25, 11, 40, 26, 45, 19, 13, 30, 9, 22, 43, 49, 36, 20] 62869

--> RANDOM - INICIAL [35, 31, 37, 34, 50, 29, 45, 13, 43, 21, 5, 7, 42, 36, 6, 22, 19, 48, 8, 2, 49, 14, 17, 28, 40, 1, 47, 20, 41, 27, 24, 46, 25, 3, 15, 38, 30, 9, 10, 33, 44, 16, 26, 23, 39, 32, 12, 18, 4, 11] 64098
OPTIMO LOCAL - iter 70
--- 25.514079809188843 seconds ---
SOL [50, 21, 28, 17, 49, 6, 27, 4, 43, 38, 39, 5, 48, 26, 12, 23, 31, 37, 1, 13, 24, 14, 46, 16, 32, 20, 47, 8, 7, 3, 22, 15, 11, 33, 44, 10, 18, 41, 45, 29, 25, 34, 35, 40, 36, 42, 9, 30, 19, 2] 62986
------------------------------------------
------------------------------------------
--> BEST - INICIAL [28, 18, 8, 5, 46, 23, 14, 25, 49, 40, 12, 31, 36, 33, 27, 47, 38, 20, 1, 2, 41, 9, 29, 22, 44, 17, 13, 21, 50, 43, 24, 19, 6, 15, 45, 26, 34, 42, 3, 7, 4, 37, 10, 35, 39, 32, 30, 11, 16, 48] 63968
OPTIMO LOCAL - iter 96
--- 8.831382036209106 seconds ---
SOL [7, 47, 32, 5, 24, 27, 31, 49, 1, 50, 17, 22, 10, 6, 15, 46, 33, 12, 8, 14, 20, 9, 21, 41, 30, 25, 43, 28, 40, 2, 3, 19, 48, 23, 45, 26, 29, 42, 44, 38, 4, 37, 36, 35, 39, 13, 18, 11, 16, 34] 62924

--> FIRST - INICIAL [28, 18, 8, 5, 46, 23, 14, 25, 49, 40, 12, 31, 36, 33, 27, 47, 38, 20, 1, 2, 41, 9, 29, 22, 44, 17, 13, 21, 50, 43, 24, 19, 6, 15, 45, 26, 34, 42, 3, 7, 4, 37, 10, 35, 39, 32, 30, 11, 16, 48] 63968
OPTIMO LOCAL - iter 97
--- 84.28523540496826 seconds ---
SOL [28, 16, 8, 5, 46, 23, 6, 25, 43, 31, 12, 19, 36, 48, 27, 11, 34, 26, 1, 7, 17, 41, 40, 21, 2, 45, 13, 15, 9, 3, 22, 29, 4, 30, 35, 33, 49, 39, 24, 44, 38, 32, 42, 20, 18, 47, 37, 50, 10, 14] 62796

--> RANDOM - INICIAL [28, 18, 8, 5, 46, 23, 14, 25, 49, 40, 12, 31, 36, 33, 27, 47, 38, 20, 1, 2, 41, 9, 29, 22, 44, 17, 13, 21, 50, 43, 24, 19, 6, 15, 45, 26, 34, 42, 3, 7, 4, 37, 10, 35, 39, 32, 30, 11, 16, 48] 63968
OPTIMO LOCAL - iter 81
--- 27.580729246139526 seconds ---
SOL [34, 42, 49, 36, 32, 43, 40, 7, 48, 45, 2, 15, 38, 22, 8, 10, 19, 4, 37, 33, 23, 3, 24, 1, 9, 20, 5, 18, 46, 14, 12, 35, 11, 27, 41, 47, 44, 13, 30, 28, 29, 26, 39, 31, 25, 17, 50, 21, 6, 16] 62887
------------------------------------------
------------------------------------------
--> BEST - INICIAL [32, 38, 42, 47, 29, 15, 6, 14, 21, 2, 10, 13, 19, 39, 40, 35, 7, 26, 46, 49, 4, 31, 36, 24, 25, 45, 44, 5, 50, 3, 34, 27, 8, 16, 43, 12, 9, 28, 18, 22, 17, 41, 37, 20, 30, 11, 33, 48, 1, 23] 63920
OPTIMO LOCAL - iter 94
--- 12.42214035987854 seconds ---
SOL [45, 6, 36, 44, 48, 2, 33, 35, 26, 38, 8, 30, 19, 39, 13, 23, 37, 7, 14, 40, 25, 28, 11, 47, 27, 21, 4, 5, 50, 43, 34, 49, 31, 24, 3, 12, 9, 32, 18, 22, 17, 15, 42, 20, 46, 41, 16, 10, 1, 29] 62867

--> FIRST - INICIAL [32, 38, 42, 47, 29, 15, 6, 14, 21, 2, 10, 13, 19, 39, 40, 35, 7, 26, 46, 49, 4, 31, 36, 24, 25, 45, 44, 5, 50, 3, 34, 27, 8, 16, 43, 12, 9, 28, 18, 22, 17, 41, 37, 20, 30, 11, 33, 48, 1, 23] 63920
OPTIMO LOCAL - iter 92
--- 77.62289905548096 seconds ---
SOL [20, 38, 42, 29, 9, 15, 6, 14, 35, 8, 34, 22, 26, 7, 40, 4, 10, 16, 48, 5, 39, 37, 33, 19, 36, 45, 31, 32, 50, 3, 23, 43, 12, 17, 44, 2, 30, 27, 18, 21, 41, 46, 11, 24, 47, 25, 1, 28, 49, 13] 62818

--> RANDOM - INICIAL [32, 38, 42, 47, 29, 15, 6, 14, 21, 2, 10, 13, 19, 39, 40, 35, 7, 26, 46, 49, 4, 31, 36, 24, 25, 45, 44, 5, 50, 3, 34, 27, 8, 16, 43, 12, 9, 28, 18, 22, 17, 41, 37, 20, 30, 11, 33, 48, 1, 23] 63920
OPTIMO LOCAL - iter 59
--- 20.056013345718384 seconds ---
SOL [42, 21, 5, 9, 12, 32, 22, 28, 45, 15, 7, 8, 26, 47, 40, 1, 10, 2, 36, 6, 29, 11, 38, 39, 13, 49, 44, 50, 24, 31, 43, 23, 17, 19, 48, 16, 3, 14, 18, 4, 37, 35, 41, 20, 30, 27, 33, 34, 25, 46] 62918
------------------------------------------
------------------------------------------
--> BEST - INICIAL [1, 42, 23, 40, 32, 20, 17, 9, 36, 47, 41, 37, 11, 4, 48, 16, 49, 14, 25, 7, 45, 5, 43, 39, 2, 13, 10, 26, 28, 6, 12, 27, 34, 30, 33, 22, 15, 21, 18, 8, 50, 46, 3, 38, 29, 31, 19, 24, 35, 44] 64142
OPTIMO LOCAL - iter 100
--- 19.650795698165894 seconds ---
SOL [34, 50, 38, 27, 37, 26, 35, 42, 3, 12, 39, 7, 16, 20, 30, 2, 49, 11, 4, 17, 9, 13, 14, 1, 21, 25, 45, 28, 48, 43, 23, 32, 40, 10, 33, 22, 15, 44, 18, 8, 5, 36, 47, 6, 29, 46, 41, 24, 31, 19] 62934

--> FIRST - INICIAL [1, 42, 23, 40, 32, 20, 17, 9, 36, 47, 41, 37, 11, 4, 48, 16, 49, 14, 25, 7, 45, 5, 43, 39, 2, 13, 10, 26, 28, 6, 12, 27, 34, 30, 33, 22, 15, 21, 18, 8, 50, 46, 3, 38, 29, 31, 19, 24, 35, 44] 64142
OPTIMO LOCAL - iter 105
--- 88.60983943939209 seconds ---
SOL [29, 42, 23, 40, 32, 13, 37, 9, 36, 26, 14, 11, 49, 4, 8, 30, 25, 31, 21, 16, 22, 39, 27, 24, 2, 20, 10, 28, 41, 33, 46, 45, 12, 3, 17, 6, 35, 38, 15, 48, 19, 5, 7, 47, 44, 43, 18, 50, 34, 1] 62873

--> RANDOM - INICIAL [1, 42, 23, 40, 32, 20, 17, 9, 36, 47, 41, 37, 11, 4, 48, 16, 49, 14, 25, 7, 45, 5, 43, 39, 2, 13, 10, 26, 28, 6, 12, 27, 34, 30, 33, 22, 15, 21, 18, 8, 50, 46, 3, 38, 29, 31, 19, 24, 35, 44] 64142
OPTIMO LOCAL - iter 85
--- 28.775853633880615 seconds ---
SOL [29, 32, 42, 43, 1, 47, 15, 9, 45, 46, 31, 50, 20, 48, 36, 17, 41, 14, 25, 7, 18, 21, 12, 33, 5, 8, 38, 40, 11, 16, 30, 2, 3, 4, 35, 22, 39, 13, 37, 27, 49, 10, 19, 24, 6, 28, 26, 23, 44, 34] 62857
------------------------------------------
------------------------------------------
--> BEST - INICIAL [50, 47, 17, 40, 26, 39, 7, 9, 5, 27, 3, 13, 20, 22, 44, 12, 23, 21, 34, 36, 38, 30, 2, 24, 28, 15, 43, 45, 48, 32, 10, 11, 42, 19, 33, 1, 37, 35, 8, 49, 46, 41, 16, 31, 14, 4, 6, 18, 25, 29] 63824
OPTIMO LOCAL - iter 81
--- 10.4218111038208 seconds ---
SOL [17, 20, 3, 32, 33, 7, 11, 28, 6, 44, 26, 31, 18, 13, 47, 19, 24, 38, 10, 21, 23, 9, 34, 35, 50, 15, 43, 27, 36, 2, 22, 12, 1, 45, 39, 48, 37, 42, 8, 49, 46, 41, 16, 29, 14, 4, 30, 40, 25, 5] 62959

--> FIRST - INICIAL [50, 47, 17, 40, 26, 39, 7, 9, 5, 27, 3, 13, 20, 22, 44, 12, 23, 21, 34, 36, 38, 30, 2, 24, 28, 15, 43, 45, 48, 32, 10, 11, 42, 19, 33, 1, 37, 35, 8, 49, 46, 41, 16, 31, 14, 4, 6, 18, 25, 29] 63824
OPTIMO LOCAL - iter 88
--- 75.84143328666687 seconds ---
SOL [50, 38, 17, 40, 32, 2, 39, 9, 5, 44, 6, 13, 20, 22, 49, 14, 15, 23, 37, 7, 18, 4, 48, 46, 28, 8, 43, 26, 27, 25, 19, 1, 30, 31, 11, 34, 29, 45, 33, 21, 16, 35, 3, 42, 10, 47, 12, 41, 24, 36] 62877

--> RANDOM - INICIAL [50, 47, 17, 40, 26, 39, 7, 9, 5, 27, 3, 13, 20, 22, 44, 12, 23, 21, 34, 36, 38, 30, 2, 24, 28, 15, 43, 45, 48, 32, 10, 11, 42, 19, 33, 1, 37, 35, 8, 49, 46, 41, 16, 31, 14, 4, 6, 18, 25, 29] 63824
OPTIMO LOCAL - iter 58
--- 20.130131483078003 seconds ---
SOL [27, 20, 17, 19, 42, 25, 7, 9, 5, 10, 1, 40, 35, 22, 44, 29, 39, 38, 47, 43, 23, 30, 6, 16, 12, 45, 26, 4, 36, 13, 31, 8, 32, 34, 21, 48, 37, 50, 28, 33, 11, 41, 15, 24, 14, 49, 2, 3, 46, 18] 62957
------------------------------------------
------------------------------------------
--> BEST - INICIAL [31, 9, 21, 22, 41, 50, 40, 28, 39, 12, 37, 25, 42, 38, 18, 3, 15, 34, 24, 19, 10, 36, 5, 47, 8, 20, 26, 17, 6, 27, 45, 35, 46, 11, 23, 14, 43, 4, 33, 48, 2, 49, 29, 13, 1, 16, 7, 30, 32, 44] 64108
OPTIMO LOCAL - iter 96
--- 9.994553565979004 seconds ---
SOL [11, 25, 50, 46, 7, 23, 40, 22, 21, 45, 12, 31, 41, 28, 5, 48, 19, 34, 18, 39, 47, 9, 24, 1, 42, 20, 29, 32, 3, 44, 26, 15, 35, 38, 36, 27, 43, 4, 33, 14, 16, 49, 6, 13, 37, 17, 2, 30, 10, 8] 62822

--> FIRST - INICIAL [31, 9, 21, 22, 41, 50, 40, 28, 39, 12, 37, 25, 42, 38, 18, 3, 15, 34, 24, 19, 10, 36, 5, 47, 8, 20, 26, 17, 6, 27, 45, 35, 46, 11, 23, 14, 43, 4, 33, 48, 2, 49, 29, 13, 1, 16, 7, 30, 32, 44] 64108
OPTIMO LOCAL - iter 82
--- 69.04489278793335 seconds ---
SOL [31, 41, 21, 22, 28, 44, 32, 39, 9, 13, 33, 25, 15, 38, 27, 3, 48, 26, 2, 50, 1, 20, 4, 23, 19, 42, 36, 37, 43, 35, 40, 18, 30, 7, 47, 6, 8, 11, 46, 17, 10, 24, 29, 5, 34, 16, 14, 12, 49, 45] 62908

--> RANDOM - INICIAL [31, 9, 21, 22, 41, 50, 40, 28, 39, 12, 37, 25, 42, 38, 18, 3, 15, 34, 24, 19, 10, 36, 5, 47, 8, 20, 26, 17, 6, 27, 45, 35, 46, 11, 23, 14, 43, 4, 33, 48, 2, 49, 29, 13, 1, 16, 7, 30, 32, 44] 64108
OPTIMO LOCAL - iter 54
--- 18.884543895721436 seconds ---
SOL [7, 45, 24, 23, 30, 50, 21, 32, 39, 31, 8, 22, 11, 38, 28, 37, 26, 42, 4, 41, 9, 36, 18, 14, 35, 20, 49, 15, 43, 12, 19, 25, 46, 10, 17, 6, 29, 34, 33, 47, 44, 16, 3, 48, 5, 27, 40, 2, 13, 1] 63033
------------------------------------------
------------------------------------------
--> BEST - INICIAL [35, 36, 22, 30, 16, 12, 27, 32, 44, 17, 18, 37, 1, 2, 4, 33, 42, 14, 21, 43, 15, 29, 7, 10, 5, 49, 23, 19, 13, 9, 39, 34, 40, 11, 28, 38, 3, 46, 31, 25, 6, 24, 50, 45, 8, 41, 26, 20, 47, 48] 64026
OPTIMO LOCAL - iter 91
--- 13.297904968261719 seconds ---
SOL [23, 15, 34, 30, 41, 11, 10, 37, 39, 31, 35, 16, 4, 2, 36, 12, 32, 24, 17, 48, 42, 14, 33, 22, 18, 1, 29, 25, 3, 27, 49, 21, 47, 28, 45, 38, 43, 46, 13, 50, 9, 7, 44, 6, 8, 19, 26, 20, 5, 40] 62875

--> FIRST - INICIAL [35, 36, 22, 30, 16, 12, 27, 32, 44, 17, 18, 37, 1, 2, 4, 33, 42, 14, 21, 43, 15, 29, 7, 10, 5, 49, 23, 19, 13, 9, 39, 34, 40, 11, 28, 38, 3, 46, 31, 25, 6, 24, 50, 45, 8, 41, 26, 20, 47, 48] 64026
OPTIMO LOCAL - iter 82
--- 71.2036657333374 seconds ---
SOL [35, 36, 22, 30, 16, 41, 37, 32, 44, 17, 26, 4, 1, 9, 33, 45, 42, 46, 12, 48, 20, 5, 23, 31, 25, 11, 49, 6, 28, 3, 39, 43, 47, 34, 14, 8, 13, 7, 38, 50, 2, 19, 21, 24, 27, 29, 40, 15, 10, 18] 62911

--> RANDOM - INICIAL [35, 36, 22, 30, 16, 12, 27, 32, 44, 17, 18, 37, 1, 2, 4, 33, 42, 14, 21, 43, 15, 29, 7, 10, 5, 49, 23, 19, 13, 9, 39, 34, 40, 11, 28, 38, 3, 46, 31, 25, 6, 24, 50, 45, 8, 41, 26, 20, 47, 48] 64026
OPTIMO LOCAL - iter 71
--- 24.527385711669922 seconds ---
SOL [8, 9, 23, 12, 17, 7, 38, 37, 50, 32, 31, 42, 3, 2, 46, 24, 35, 10, 5, 41, 21, 26, 29, 40, 33, 49, 13, 20, 16, 14, 47, 34, 27, 36, 18, 22, 19, 4, 6, 48, 30, 28, 1, 45, 25, 43, 11, 15, 44, 39] 62877
------------------------------------------
------------------------------------------
--> BEST - INICIAL [41, 24, 16, 29, 13, 31, 22, 34, 46, 5, 11, 7, 33, 9, 50, 19, 47, 6, 27, 3, 2, 36, 12, 1, 8, 17, 44, 48, 43, 45, 10, 38, 23, 37, 39, 40, 14, 25, 15, 26, 20, 4, 42, 18, 30, 21, 28, 35, 49, 32] 64015
OPTIMO LOCAL - iter 101
--- 12.229920864105225 seconds ---
SOL [25, 38, 6, 13, 26, 7, 46, 22, 24, 30, 16, 19, 50, 9, 2, 1, 34, 29, 23, 3, 48, 36, 12, 41, 8, 15, 17, 31, 27, 28, 40, 20, 43, 37, 39, 18, 32, 33, 45, 49, 10, 4, 42, 47, 11, 21, 14, 35, 44, 5] 62877

--> FIRST - INICIAL [41, 24, 16, 29, 13, 31, 22, 34, 46, 5, 11, 7, 33, 9, 50, 19, 47, 6, 27, 3, 2, 36, 12, 1, 8, 17, 44, 48, 43, 45, 10, 38, 23, 37, 39, 40, 14, 25, 15, 26, 20, 4, 42, 18, 30, 21, 28, 35, 49, 32] 64015
OPTIMO LOCAL - iter 101
--- 84.79198026657104 seconds ---
SOL [2, 20, 39, 41, 13, 30, 49, 18, 46, 5, 24, 7, 33, 25, 48, 3, 47, 6, 31, 43, 23, 36, 44, 37, 32, 12, 40, 8, 14, 42, 29, 10, 35, 16, 17, 4, 11, 34, 21, 15, 45, 38, 50, 28, 27, 22, 19, 9, 26, 1] 62891

--> RANDOM - INICIAL [41, 24, 16, 29, 13, 31, 22, 34, 46, 5, 11, 7, 33, 9, 50, 19, 47, 6, 27, 3, 2, 36, 12, 1, 8, 17, 44, 48, 43, 45, 10, 38, 23, 37, 39, 40, 14, 25, 15, 26, 20, 4, 42, 18, 30, 21, 28, 35, 49, 32] 64015
OPTIMO LOCAL - iter 61
--- 20.71651005744934 seconds ---
SOL [16, 38, 37, 20, 13, 46, 24, 15, 11, 8, 44, 25, 1, 4, 50, 3, 35, 22, 48, 28, 2, 36, 26, 39, 31, 30, 17, 32, 34, 21, 27, 6, 45, 40, 5, 41, 33, 18, 43, 12, 10, 9, 42, 29, 47, 19, 14, 23, 49, 7] 62934
------------------------------------------
------------------------------------------
--> BEST - INICIAL [33, 1, 36, 11, 38, 26, 43, 37, 21, 12, 24, 31, 2, 45, 32, 40, 41, 48, 44, 3, 42, 29, 8, 47, 18, 20, 23, 27, 30, 17, 35, 19, 6, 49, 28, 15, 14, 7, 9, 5, 10, 50, 22, 25, 4, 46, 39, 34, 16, 13] 64119
OPTIMO LOCAL - iter 89
--- 9.273109436035156 seconds ---
SOL [37, 1, 14, 23, 5, 13, 8, 18, 29, 43, 32, 30, 48, 38, 26, 25, 27, 34, 44, 2, 33, 47, 46, 7, 24, 40, 31, 6, 50, 20, 42, 16, 11, 28, 3, 15, 12, 21, 9, 17, 10, 45, 22, 36, 19, 49, 4, 39, 41, 35] 62903

--> FIRST - INICIAL [33, 1, 36, 11, 38, 26, 43, 37, 21, 12, 24, 31, 2, 45, 32, 40, 41, 48, 44, 3, 42, 29, 8, 47, 18, 20, 23, 27, 30, 17, 35, 19, 6, 49, 28, 15, 14, 7, 9, 5, 10, 50, 22, 25, 4, 46, 39, 34, 16, 13] 64119
OPTIMO LOCAL - iter 104
--- 87.78245282173157 seconds ---
SOL [33, 1, 36, 11, 38, 26, 43, 37, 18, 24, 34, 44, 45, 2, 32, 9, 41, 50, 4, 3, 42, 28, 15, 47, 8, 17, 27, 40, 25, 10, 20, 14, 12, 5, 21, 6, 39, 13, 19, 23, 29, 16, 48, 35, 7, 46, 22, 30, 49, 31] 62954

--> RANDOM - INICIAL [33, 1, 36, 11, 38, 26, 43, 37, 21, 12, 24, 31, 2, 45, 32, 40, 41, 48, 44, 3, 42, 29, 8, 47, 18, 20, 23, 27, 30, 17, 35, 19, 6, 49, 28, 15, 14, 7, 9, 5, 10, 50, 22, 25, 4, 46, 39, 34, 16, 13] 64119
OPTIMO LOCAL - iter 68
--- 25.24260687828064 seconds ---
SOL [24, 39, 38, 17, 26, 40, 31, 42, 36, 35, 27, 18, 33, 34, 28, 3, 25, 48, 21, 23, 22, 2, 44, 5, 19, 45, 10, 37, 11, 8, 6, 29, 15, 49, 14, 9, 7, 41, 43, 1, 47, 12, 50, 32, 20, 46, 13, 16, 30, 4] 62904
------------------------------------------
------------------------------------------
--> BEST - INICIAL [35, 7, 5, 11, 38, 9, 23, 40, 3, 30, 6, 21, 2, 27, 15, 45, 20, 37, 32, 22, 1, 39, 50, 18, 48, 19, 16, 25, 4, 17, 14, 36, 49, 26, 13, 43, 8, 33, 28, 12, 34, 44, 24, 41, 10, 46, 29, 42, 47, 31] 64132
OPTIMO LOCAL - iter 90
--- 12.40312933921814 seconds ---
SOL [36, 12, 3, 11, 43, 27, 40, 35, 19, 14, 26, 8, 9, 46, 21, 39, 45, 2, 32, 49, 16, 44, 22, 6, 33, 13, 20, 25, 38, 17, 4, 18, 42, 15, 7, 23, 5, 37, 28, 50, 34, 1, 24, 48, 10, 41, 29, 30, 47, 31] 62912

--> FIRST - INICIAL [35, 7, 5, 11, 38, 9, 23, 40, 3, 30, 6, 21, 2, 27, 15, 45, 20, 37, 32, 22, 1, 39, 50, 18, 48, 19, 16, 25, 4, 17, 14, 36, 49, 26, 13, 43, 8, 33, 28, 12, 34, 44, 24, 41, 10, 46, 29, 42, 47, 31] 64132
OPTIMO LOCAL - iter 118
--- 99.3398106098175 seconds ---
SOL [42, 1, 5, 46, 38, 9, 23, 28, 48, 33, 44, 49, 50, 19, 40, 22, 35, 18, 27, 15, 32, 39, 12, 7, 2, 10, 47, 20, 6, 29, 14, 26, 34, 8, 13, 36, 25, 16, 3, 11, 4, 37, 30, 17, 43, 41, 24, 45, 31, 21] 62795

--> RANDOM - INICIAL [35, 7, 5, 11, 38, 9, 23, 40, 3, 30, 6, 21, 2, 27, 15, 45, 20, 37, 32, 22, 1, 39, 50, 18, 48, 19, 16, 25, 4, 17, 14, 36, 49, 26, 13, 43, 8, 33, 28, 12, 34, 44, 24, 41, 10, 46, 29, 42, 47, 31] 64132
OPTIMO LOCAL - iter 65
--- 25.0213565826416 seconds ---
SOL [10, 23, 38, 24, 27, 15, 33, 40, 1, 49, 43, 9, 48, 19, 17, 42, 6, 44, 41, 26, 37, 39, 20, 18, 45, 2, 21, 28, 32, 36, 13, 35, 22, 3, 30, 11, 12, 25, 16, 8, 5, 7, 14, 46, 34, 29, 50, 4, 47, 31] 63007
------------------------------------------
------------------------------------------
OPT [28, 32, 37, 39, 49, 23, 19, 44, 33, 7, 14, 30, 15, 5, 36, 6, 17, 26, 48, 25, 40, 3, 45, 27, 18, 31, 29, 16, 9, 12, 1, 8, 4, 2, 50, 21, 43, 35, 24, 38, 34, 46, 42, 13, 20, 22, 41, 47, 10, 11] 62093
BEST -> 62897.2 11.802189207077026 [62899, 62924, 62867, 62934, 62959, 62822, 62875, 62877, 62903, 62912]
FISRT -> 62869.2 84.29428861141204 [62869, 62796, 62818, 62873, 62877, 62908, 62911, 62891, 62954, 62795]
RANDOM -> 62936.0 23.64492106437683 [62986, 62887, 62918, 62857, 62957, 63033, 62877, 62934, 62904, 63007]
