------------------------------------------
--> BEST - INICIAL [36, 10, 47, 7, 16, 12, 39, 31, 26, 25, 27, 9, 6, 1, 19, 42, 21, 8, 49, 32, 43, 48, 11, 22, 40, 23, 18, 2, 45, 4, 46, 5, 20, 37, 17, 28, 38, 33, 35, 24, 29, 15, 30, 13, 3, 34, 41, 14, 44, 50] 63944
OPTIMO LOCAL - iter 93
--- 11.93143916130066 seconds ---
SOL [36, 50, 12, 32, 18, 42, 37, 11, 26, 15, 31, 38, 47, 24, 13, 14, 19, 8, 27, 2, 28, 48, 6, 35, 40, 5, 16, 7, 39, 29, 45, 9, 20, 33, 17, 4, 25, 46, 22, 49, 43, 10, 21, 30, 3, 34, 23, 41, 44, 1] 62934

--> FIRST - INICIAL [36, 10, 47, 7, 16, 12, 39, 31, 26, 25, 27, 9, 6, 1, 19, 42, 21, 8, 49, 32, 43, 48, 11, 22, 40, 23, 18, 2, 45, 4, 46, 5, 20, 37, 17, 28, 38, 33, 35, 24, 29, 15, 30, 13, 3, 34, 41, 14, 44, 50] 63944
OPTIMO LOCAL - iter 85
--- 72.54481601715088 seconds ---
SOL [36, 10, 38, 31, 16, 12, 44, 40, 5, 25, 42, 9, 50, 1, 21, 6, 17, 29, 19, 32, 13, 48, 30, 37, 23, 39, 24, 8, 46, 28, 3, 34, 20, 18, 4, 2, 14, 7, 35, 27, 22, 15, 41, 43, 45, 47, 11, 49, 33, 26] 62833

--> RANDOM - INICIAL [36, 10, 47, 7, 16, 12, 39, 31, 26, 25, 27, 9, 6, 1, 19, 42, 21, 8, 49, 32, 43, 48, 11, 22, 40, 23, 18, 2, 45, 4, 46, 5, 20, 37, 17, 28, 38, 33, 35, 24, 29, 15, 30, 13, 3, 34, 41, 14, 44, 50] 63944
OPTIMO LOCAL - iter 59
--- 20.646624088287354 seconds ---
SOL [36, 16, 34, 31, 30, 27, 45, 1, 15, 47, 40, 9, 2, 3, 19, 6, 11, 8, 43, 35, 22, 14, 46, 42, 18, 33, 39, 32, 48, 29, 50, 28, 20, 37, 21, 7, 38, 25, 4, 23, 5, 26, 13, 24, 17, 12, 41, 49, 44, 10] 62973
------------------------------------------
------------------------------------------
--> BEST - INICIAL [20, 2, 36, 40, 43, 5, 19, 15, 33, 11, 50, 31, 17, 24, 45, 35, 30, 1, 12, 13, 34, 7, 42, 27, 16, 6, 46, 28, 8, 39, 22, 44, 14, 47, 3, 4, 10, 37, 29, 25, 18, 48, 49, 26, 32, 23, 41, 9, 38, 21] 64115
OPTIMO LOCAL - iter 91
--- 10.515850067138672 seconds ---
SOL [48, 34, 2, 15, 24, 25, 21, 49, 33, 30, 39, 43, 37, 12, 36, 38, 13, 7, 47, 50, 32, 6, 10, 23, 16, 31, 46, 35, 8, 44, 17, 5, 22, 45, 3, 4, 42, 14, 29, 41, 18, 28, 27, 26, 20, 40, 19, 9, 1, 11] 62941

--> FIRST - INICIAL [20, 2, 36, 40, 43, 5, 19, 15, 33, 11, 50, 31, 17, 24, 45, 35, 30, 1, 12, 13, 34, 7, 42, 27, 16, 6, 46, 28, 8, 39, 22, 44, 14, 47, 3, 4, 10, 37, 29, 25, 18, 48, 49, 26, 32, 23, 41, 9, 38, 21] 64115
OPTIMO LOCAL - iter 113
--- 96.12292122840881 seconds ---
SOL [20, 2, 36, 48, 43, 5, 16, 15, 19, 17, 31, 22, 38, 24, 45, 3, 30, 12, 25, 41, 39, 7, 42, 27, 10, 34, 8, 35, 4, 13, 33, 49, 26, 47, 44, 11, 14, 23, 9, 40, 28, 1, 32, 50, 29, 46, 6, 21, 18, 37] 62812

--> RANDOM - INICIAL [20, 2, 36, 40, 43, 5, 19, 15, 33, 11, 50, 31, 17, 24, 45, 35, 30, 1, 12, 13, 34, 7, 42, 27, 16, 6, 46, 28, 8, 39, 22, 44, 14, 47, 3, 4, 10, 37, 29, 25, 18, 48, 49, 26, 32, 23, 41, 9, 38, 21] 64115
OPTIMO LOCAL - iter 53
--- 18.243032932281494 seconds ---
SOL [40, 25, 36, 10, 29, 1, 26, 37, 33, 7, 20, 43, 8, 44, 11, 5, 6, 47, 14, 13, 38, 15, 34, 42, 27, 50, 19, 46, 22, 12, 16, 2, 21, 17, 3, 31, 41, 45, 35, 39, 23, 48, 9, 30, 32, 18, 24, 49, 4, 28] 63040
------------------------------------------
------------------------------------------
--> BEST - INICIAL [24, 19, 9, 6, 47, 10, 32, 39, 44, 2, 14, 16, 25, 30, 48, 28, 40, 31, 4, 8, 26, 38, 21, 5, 17, 46, 23, 15, 13, 43, 11, 49, 33, 35, 41, 20, 7, 34, 29, 50, 42, 37, 1, 36, 27, 3, 22, 18, 45, 12] 64047
OPTIMO LOCAL - iter 73
--- 9.995957374572754 seconds ---
SOL [19, 35, 22, 30, 32, 28, 34, 24, 25, 44, 17, 16, 3, 37, 14, 18, 47, 10, 4, 41, 26, 46, 29, 48, 13, 23, 31, 39, 12, 43, 21, 49, 33, 9, 8, 20, 42, 5, 40, 50, 6, 2, 1, 36, 38, 15, 27, 11, 45, 7] 62928

--> FIRST - INICIAL [24, 19, 9, 6, 47, 10, 32, 39, 44, 2, 14, 16, 25, 30, 48, 28, 40, 31, 4, 8, 26, 38, 21, 5, 17, 46, 23, 15, 13, 43, 11, 49, 33, 35, 41, 20, 7, 34, 29, 50, 42, 37, 1, 36, 27, 3, 22, 18, 45, 12] 64047
OPTIMO LOCAL - iter 106
--- 94.57083511352539 seconds ---
SOL [24, 16, 31, 1, 47, 26, 22, 39, 44, 11, 50, 12, 28, 46, 3, 25, 2, 32, 41, 48, 18, 38, 5, 6, 42, 4, 30, 27, 33, 13, 14, 20, 17, 40, 21, 34, 9, 43, 37, 23, 8, 15, 36, 45, 29, 49, 19, 7, 35, 10] 62798

--> RANDOM - INICIAL [24, 19, 9, 6, 47, 10, 32, 39, 44, 2, 14, 16, 25, 30, 48, 28, 40, 31, 4, 8, 26, 38, 21, 5, 17, 46, 23, 15, 13, 43, 11, 49, 33, 35, 41, 20, 7, 34, 29, 50, 42, 37, 1, 36, 27, 3, 22, 18, 45, 12] 64047
OPTIMO LOCAL - iter 83
--- 30.231001615524292 seconds ---
SOL [26, 39, 9, 38, 32, 36, 29, 27, 50, 28, 22, 13, 48, 45, 30, 42, 47, 33, 8, 16, 43, 7, 25, 14, 5, 20, 23, 44, 21, 12, 40, 18, 19, 15, 3, 2, 10, 49, 11, 31, 6, 24, 17, 34, 1, 41, 46, 4, 37, 35] 62945
------------------------------------------
------------------------------------------
--> BEST - INICIAL [36, 21, 18, 6, 39, 12, 4, 17, 11, 20, 10, 25, 9, 26, 16, 2, 35, 28, 42, 37, 14, 49, 27, 7, 44, 33, 50, 41, 38, 3, 23, 46, 8, 1, 15, 19, 43, 29, 30, 34, 47, 22, 48, 24, 5, 13, 45, 31, 40, 32] 64094
OPTIMO LOCAL - iter 98
--- 11.262267827987671 seconds ---
SOL [44, 27, 35, 37, 49, 7, 20, 3, 16, 1, 34, 39, 15, 40, 43, 9, 12, 50, 17, 21, 42, 14, 29, 32, 2, 10, 8, 18, 46, 6, 23, 38, 11, 47, 19, 31, 24, 41, 30, 26, 25, 22, 48, 28, 5, 13, 45, 4, 36, 33] 62887

--> FIRST - INICIAL [36, 21, 18, 6, 39, 12, 4, 17, 11, 20, 10, 25, 9, 26, 16, 2, 35, 28, 42, 37, 14, 49, 27, 7, 44, 33, 50, 41, 38, 3, 23, 46, 8, 1, 15, 19, 43, 29, 30, 34, 47, 22, 48, 24, 5, 13, 45, 31, 40, 32] 64094
OPTIMO LOCAL - iter 104
--- 95.94209122657776 seconds ---
SOL [47, 46, 18, 6, 39, 4, 21, 1, 13, 20, 34, 25, 9, 26, 42, 2, 16, 45, 31, 37, 12, 3, 22, 27, 29, 8, 32, 44, 5, 14, 40, 50, 28, 35, 11, 33, 38, 24, 48, 49, 15, 23, 7, 19, 30, 17, 43, 41, 10, 36] 62893

--> RANDOM - INICIAL [36, 21, 18, 6, 39, 12, 4, 17, 11, 20, 10, 25, 9, 26, 16, 2, 35, 28, 42, 37, 14, 49, 27, 7, 44, 33, 50, 41, 38, 3, 23, 46, 8, 1, 15, 19, 43, 29, 30, 34, 47, 22, 48, 24, 5, 13, 45, 31, 40, 32] 64094
OPTIMO LOCAL - iter 60
--- 20.58176302909851 seconds ---
SOL [17, 10, 39, 32, 18, 15, 2, 27, 4, 31, 44, 28, 34, 36, 21, 11, 19, 49, 47, 8, 23, 9, 42, 7, 30, 5, 29, 3, 13, 41, 1, 35, 6, 22, 12, 48, 43, 38, 26, 24, 50, 25, 16, 46, 14, 37, 45, 20, 40, 33] 62884
------------------------------------------
------------------------------------------
--> BEST - INICIAL [44, 45, 12, 16, 29, 1, 21, 20, 37, 38, 30, 4, 2, 7, 49, 23, 39, 14, 33, 42, 5, 9, 36, 18, 24, 22, 43, 10, 11, 34, 8, 13, 35, 19, 47, 6, 40, 32, 17, 50, 48, 28, 41, 3, 31, 46, 26, 15, 27, 25] 64099
OPTIMO LOCAL - iter 91
--- 10.524945974349976 seconds ---
SOL [9, 28, 4, 30, 37, 44, 8, 32, 7, 31, 26, 25, 20, 36, 17, 2, 12, 14, 18, 6, 3, 1, 43, 46, 29, 22, 34, 10, 11, 5, 47, 13, 35, 19, 39, 16, 40, 23, 21, 50, 48, 24, 41, 45, 49, 38, 33, 15, 27, 42] 62917

--> FIRST - INICIAL [44, 45, 12, 16, 29, 1, 21, 20, 37, 38, 30, 4, 2, 7, 49, 23, 39, 14, 33, 42, 5, 9, 36, 18, 24, 22, 43, 10, 11, 34, 8, 13, 35, 19, 47, 6, 40, 32, 17, 50, 48, 28, 41, 3, 31, 46, 26, 15, 27, 25] 64099
OPTIMO LOCAL - iter 112
--- 102.56734085083008 seconds ---
SOL [44, 35, 30, 37, 20, 24, 25, 50, 16, 39, 45, 2, 15, 46, 36, 23, 22, 26, 38, 42, 5, 9, 18, 34, 43, 32, 4, 1, 12, 19, 47, 8, 3, 27, 13, 7, 28, 49, 21, 14, 6, 40, 48, 17, 33, 11, 41, 31, 10, 29] 62788

--> RANDOM - INICIAL [44, 45, 12, 16, 29, 1, 21, 20, 37, 38, 30, 4, 2, 7, 49, 23, 39, 14, 33, 42, 5, 9, 36, 18, 24, 22, 43, 10, 11, 34, 8, 13, 35, 19, 47, 6, 40, 32, 17, 50, 48, 28, 41, 3, 31, 46, 26, 15, 27, 25] 64099
OPTIMO LOCAL - iter 62
--- 23.171741247177124 seconds ---
SOL [44, 25, 38, 37, 32, 40, 24, 42, 48, 17, 39, 18, 36, 15, 34, 6, 43, 14, 21, 46, 12, 4, 1, 26, 2, 45, 30, 28, 47, 23, 7, 29, 3, 13, 11, 8, 9, 16, 5, 27, 35, 19, 41, 22, 31, 10, 33, 49, 20, 50] 62939
------------------------------------------
------------------------------------------
OPT [28, 32, 37, 39, 49, 23, 19, 44, 33, 7, 14, 30, 15, 5, 36, 6, 17, 26, 48, 25, 40, 3, 45, 27, 18, 31, 29, 16, 9, 12, 1, 8, 4, 2, 50, 21, 43, 35, 24, 38, 34, 46, 42, 13, 20, 22, 41, 47, 10, 11] 62093
BEST -> 62921.4 10.846092081069946 [62934, 62941, 62928, 62887, 62917]
FISRT -> 62824.8 92.34960088729858 [62833, 62812, 62798, 62893, 62788]
RANDOM -> 62956.2 22.574832582473753 [62973, 63040, 62945, 62884, 62939]
