------------------------------------------
--> BEST - INICIAL [16, 4, 10, 13, 17, 20, 18, 14, 19, 1, 8, 21, 12, 3, 6, 24, 2, 7, 5, 22, 11, 15, 25, 23, 9] 1465554
OPTIMO LOCAL - iter 47
--- 0.4033646583557129 seconds ---
SOL [3, 21, 20, 14, 6, 25, 18, 7, 8, 23, 12, 9, 24, 17, 5, 15, 2, 10, 4, 13, 11, 22, 16, 19, 1] 1232806

--> FIRST - INICIAL [16, 4, 10, 13, 17, 20, 18, 14, 19, 1, 8, 21, 12, 3, 6, 24, 2, 7, 5, 22, 11, 15, 25, 23, 9] 1465554
OPTIMO LOCAL - iter 46
--- 2.657986640930176 seconds ---
SOL [11, 4, 10, 13, 17, 20, 9, 24, 7, 3, 14, 25, 8, 15, 5, 16, 21, 2, 22, 18, 12, 19, 23, 6, 1] 1228302

--> RANDOM - INICIAL [16, 4, 10, 13, 17, 20, 18, 14, 19, 1, 8, 21, 12, 3, 6, 24, 2, 7, 5, 22, 11, 15, 25, 23, 9] 1465554
OPTIMO LOCAL - iter 23
--- 0.5866270065307617 seconds ---
SOL [13, 17, 10, 1, 4, 12, 18, 24, 14, 19, 2, 3, 6, 7, 11, 8, 15, 9, 22, 20, 21, 16, 5, 23, 25] 1239494
------------------------------------------
------------------------------------------
--> BEST - INICIAL [3, 13, 19, 8, 18, 9, 1, 16, 25, 12, 14, 23, 2, 24, 6, 4, 10, 5, 7, 22, 20, 17, 21, 15, 11] 1413624
OPTIMO LOCAL - iter 28
--- 0.26308465003967285 seconds ---
SOL [3, 19, 5, 15, 11, 7, 1, 23, 16, 12, 14, 9, 2, 24, 6, 4, 10, 25, 17, 22, 20, 13, 21, 8, 18] 1237988

--> FIRST - INICIAL [3, 13, 19, 8, 18, 9, 1, 16, 25, 12, 14, 23, 2, 24, 6, 4, 10, 5, 7, 22, 20, 17, 21, 15, 11] 1413624
OPTIMO LOCAL - iter 41
--- 2.3334197998046875 seconds ---
SOL [3, 13, 19, 20, 23, 7, 2, 11, 5, 25, 9, 22, 15, 24, 14, 17, 4, 1, 8, 21, 10, 18, 12, 6, 16] 1235764

--> RANDOM - INICIAL [3, 13, 19, 8, 18, 9, 1, 16, 25, 12, 14, 23, 2, 24, 6, 4, 10, 5, 7, 22, 20, 17, 21, 15, 11] 1413624
OPTIMO LOCAL - iter 18
--- 0.43367505073547363 seconds ---
SOL [13, 19, 23, 8, 6, 7, 21, 18, 20, 12, 14, 3, 24, 2, 16, 4, 17, 9, 25, 15, 1, 10, 5, 22, 11] 1256814
------------------------------------------
------------------------------------------
--> BEST - INICIAL [13, 15, 20, 19, 17, 7, 2, 9, 18, 1, 10, 11, 21, 25, 4, 12, 14, 24, 6, 16, 23, 5, 3, 8, 22] 1445858
OPTIMO LOCAL - iter 44
--- 0.4183349609375 seconds ---
SOL [9, 15, 8, 12, 20, 4, 1, 14, 19, 17, 3, 11, 2, 13, 16, 5, 23, 24, 6, 7, 10, 18, 25, 21, 22] 1206378

--> FIRST - INICIAL [13, 15, 20, 19, 17, 7, 2, 9, 18, 1, 10, 11, 21, 25, 4, 12, 14, 24, 6, 16, 23, 5, 3, 8, 22] 1445858
OPTIMO LOCAL - iter 48
--- 2.8029704093933105 seconds ---
SOL [13, 15, 5, 19, 11, 9, 23, 21, 10, 12, 6, 14, 2, 16, 20, 17, 8, 22, 25, 4, 3, 1, 7, 24, 18] 1253822

--> RANDOM - INICIAL [13, 15, 20, 19, 17, 7, 2, 9, 18, 1, 10, 11, 21, 25, 4, 12, 14, 24, 6, 16, 23, 5, 3, 8, 22] 1445858
OPTIMO LOCAL - iter 29
--- 0.716350793838501 seconds ---
SOL [13, 17, 22, 19, 8, 14, 3, 2, 24, 10, 15, 7, 23, 1, 4, 21, 25, 9, 18, 20, 16, 6, 11, 12, 5] 1250482
------------------------------------------
------------------------------------------
--> BEST - INICIAL [25, 19, 22, 4, 18, 20, 10, 3, 24, 17, 21, 15, 12, 23, 9, 5, 2, 13, 16, 14, 8, 6, 1, 11, 7] 1389594
OPTIMO LOCAL - iter 33
--- 0.5352451801300049 seconds ---
SOL [21, 14, 16, 9, 23, 15, 17, 4, 10, 1, 25, 7, 12, 18, 22, 5, 2, 19, 13, 20, 8, 6, 24, 11, 3] 1215098

--> FIRST - INICIAL [25, 19, 22, 4, 18, 20, 10, 3, 24, 17, 21, 15, 12, 23, 9, 5, 2, 13, 16, 14, 8, 6, 1, 11, 7] 1389594
OPTIMO LOCAL - iter 32
--- 1.8744261264801025 seconds ---
SOL [25, 19, 3, 4, 18, 20, 5, 22, 13, 1, 15, 2, 9, 23, 6, 11, 14, 10, 17, 24, 8, 21, 7, 16, 12] 1207756

--> RANDOM - INICIAL [25, 19, 22, 4, 18, 20, 10, 3, 24, 17, 21, 15, 12, 23, 9, 5, 2, 13, 16, 14, 8, 6, 1, 11, 7] 1389594
OPTIMO LOCAL - iter 31
--- 0.6932079792022705 seconds ---
SOL [15, 8, 5, 4, 23, 20, 6, 3, 11, 7, 25, 13, 9, 18, 17, 21, 14, 10, 19, 1, 16, 22, 24, 2, 12] 1252088
------------------------------------------
------------------------------------------
--> BEST - INICIAL [13, 19, 7, 9, 12, 6, 15, 22, 11, 17, 2, 16, 8, 5, 18, 4, 25, 14, 3, 10, 23, 21, 20, 24, 1] 1506708
OPTIMO LOCAL - iter 47
--- 0.3544349670410156 seconds ---
SOL [25, 4, 10, 24, 14, 12, 19, 5, 7, 11, 9, 2, 20, 23, 18, 8, 17, 22, 3, 6, 16, 21, 15, 13, 1] 1233148

--> FIRST - INICIAL [13, 19, 7, 9, 12, 6, 15, 22, 11, 17, 2, 16, 8, 5, 18, 4, 25, 14, 3, 10, 23, 21, 20, 24, 1] 1506708
OPTIMO LOCAL - iter 47
--- 2.5945422649383545 seconds ---
SOL [17, 19, 7, 6, 12, 9, 15, 16, 25, 23, 11, 14, 10, 3, 13, 8, 4, 21, 20, 24, 2, 5, 1, 22, 18] 1226816

--> RANDOM - INICIAL [13, 19, 7, 9, 12, 6, 15, 22, 11, 17, 2, 16, 8, 5, 18, 4, 25, 14, 3, 10, 23, 21, 20, 24, 1] 1506708
OPTIMO LOCAL - iter 38
--- 0.8495137691497803 seconds ---
SOL [2, 4, 23, 24, 14, 3, 13, 15, 9, 1, 25, 16, 17, 5, 11, 22, 7, 18, 21, 6, 8, 12, 20, 10, 19] 1227682
------------------------------------------
------------------------------------------
OPT [9, 4, 6, 11, 5, 1, 15, 10, 14, 3, 17, 12, 19, 18, 23, 8, 21, 2, 22, 7, 16, 20, 24, 25, 13] 1167256
BEST -> 1225083.6 0.39489288330078126 [1232806, 1237988, 1206378, 1215098, 1233148]
FISRT -> 1230492.0 2.452669048309326 [1228302, 1235764, 1253822, 1207756, 1226816]
RANDOM -> 1245312.0 0.6558749198913574 [1239494, 1256814, 1250482, 1252088, 1227682]
