Numero de corridas  10
------------------------------------------
--> BEST - INICIAL [8, 2, 11, 15, 21, 5, 1, 4, 20, 12, 16, 24, 3, 7, 22, 10, 13, 14, 23, 6, 25, 18, 17, 9, 19] 1475150
OPTIMO LOCAL - iter 35
--- 0.24455928802490234 seconds ---
SOL [22, 17, 7, 9, 21, 23, 25, 11, 15, 12, 16, 10, 3, 8, 20, 5, 2, 13, 4, 24, 6, 18, 14, 1, 19] 1256224

--> FIRST - INICIAL [8, 2, 11, 15, 21, 5, 1, 4, 20, 12, 16, 24, 3, 7, 22, 10, 13, 14, 23, 6, 25, 18, 17, 9, 19] 1475150
OPTIMO LOCAL - iter 48
--- 2.5515317916870117 seconds ---
SOL [8, 20, 18, 11, 21, 5, 17, 3, 24, 12, 23, 9, 6, 14, 25, 2, 22, 1, 13, 10, 7, 19, 15, 16, 4] 1215946

--> RANDOM - INICIAL [8, 2, 11, 15, 21, 5, 1, 4, 20, 12, 16, 24, 3, 7, 22, 10, 13, 14, 23, 6, 25, 18, 17, 9, 19] 1475150
OPTIMO LOCAL - iter 30
--- 0.6577162742614746 seconds ---
SOL [4, 18, 11, 21, 14, 24, 1, 22, 12, 10, 19, 20, 8, 17, 2, 23, 13, 25, 9, 6, 7, 5, 3, 16, 15] 1257038
------------------------------------------
------------------------------------------
--> BEST - INICIAL [5, 13, 15, 12, 8, 2, 19, 24, 14, 20, 9, 6, 25, 22, 17, 7, 3, 23, 16, 4, 18, 11, 1, 21, 10] 1439486
OPTIMO LOCAL - iter 34
--- 0.26214122772216797 seconds ---
SOL [9, 14, 18, 2, 21, 4, 15, 1, 23, 12, 8, 6, 20, 22, 13, 7, 3, 19, 24, 5, 25, 11, 17, 16, 10] 1241230

--> FIRST - INICIAL [5, 13, 15, 12, 8, 2, 19, 24, 14, 20, 9, 6, 25, 22, 17, 7, 3, 23, 16, 4, 18, 11, 1, 21, 10] 1439486
OPTIMO LOCAL - iter 48
--- 2.5472936630249023 seconds ---
SOL [5, 13, 15, 8, 16, 2, 19, 24, 14, 4, 1, 23, 7, 11, 10, 25, 18, 3, 17, 21, 22, 9, 12, 6, 20] 1234246

--> RANDOM - INICIAL [5, 13, 15, 12, 8, 2, 19, 24, 14, 20, 9, 6, 25, 22, 17, 7, 3, 23, 16, 4, 18, 11, 1, 21, 10] 1439486
OPTIMO LOCAL - iter 26
--- 0.5637879371643066 seconds ---
SOL [22, 21, 12, 14, 9, 2, 4, 16, 13, 25, 23, 8, 1, 15, 17, 19, 6, 7, 24, 20, 18, 11, 5, 3, 10] 1246584
------------------------------------------
------------------------------------------
--> BEST - INICIAL [24, 20, 4, 15, 7, 23, 25, 17, 11, 16, 2, 9, 22, 8, 12, 3, 13, 19, 14, 1, 18, 5, 6, 10, 21] 1411888
OPTIMO LOCAL - iter 34
--- 0.29570484161376953 seconds ---
SOL [19, 20, 16, 1, 23, 7, 8, 2, 24, 6, 9, 22, 15, 11, 12, 3, 4, 13, 14, 17, 18, 25, 21, 10, 5] 1224168

--> FIRST - INICIAL [24, 20, 4, 15, 7, 23, 25, 17, 11, 16, 2, 9, 22, 8, 12, 3, 13, 19, 14, 1, 18, 5, 6, 10, 21] 1411888
OPTIMO LOCAL - iter 32
--- 1.7150635719299316 seconds ---
SOL [18, 7, 4, 15, 20, 23, 25, 14, 12, 6, 13, 11, 9, 22, 17, 16, 19, 24, 1, 10, 2, 21, 5, 3, 8] 1221286

--> RANDOM - INICIAL [24, 20, 4, 15, 7, 23, 25, 17, 11, 16, 2, 9, 22, 8, 12, 3, 13, 19, 14, 1, 18, 5, 6, 10, 21] 1411888
OPTIMO LOCAL - iter 22
--- 0.49379801750183105 seconds ---
SOL [10, 1, 2, 20, 13, 6, 3, 9, 14, 16, 4, 22, 8, 17, 12, 23, 11, 19, 7, 25, 21, 24, 15, 5, 18] 1246292
------------------------------------------
------------------------------------------
--> BEST - INICIAL [5, 23, 2, 13, 25, 21, 7, 3, 17, 9, 15, 8, 24, 12, 22, 10, 19, 18, 20, 4, 14, 16, 1, 11, 6] 1431180
OPTIMO LOCAL - iter 31
--- 0.18971967697143555 seconds ---
SOL [10, 9, 17, 7, 2, 13, 22, 18, 21, 23, 15, 12, 24, 3, 5, 6, 19, 25, 8, 4, 14, 16, 1, 11, 20] 1241916

--> FIRST - INICIAL [5, 23, 2, 13, 25, 21, 7, 3, 17, 9, 15, 8, 24, 12, 22, 10, 19, 18, 20, 4, 14, 16, 1, 11, 6] 1431180
OPTIMO LOCAL - iter 34
--- 1.917945384979248 seconds ---
SOL [5, 23, 22, 13, 9, 2, 7, 10, 17, 21, 24, 15, 14, 12, 4, 25, 1, 3, 16, 19, 8, 11, 18, 6, 20] 1230210

--> RANDOM - INICIAL [5, 23, 2, 13, 25, 21, 7, 3, 17, 9, 15, 8, 24, 12, 22, 10, 19, 18, 20, 4, 14, 16, 1, 11, 6] 1431180
OPTIMO LOCAL - iter 22
--- 0.48026442527770996 seconds ---
SOL [4, 23, 24, 20, 14, 25, 21, 19, 5, 8, 10, 15, 17, 13, 22, 6, 18, 12, 7, 1, 9, 16, 3, 11, 2] 1249412
------------------------------------------
------------------------------------------
--> BEST - INICIAL [9, 11, 6, 4, 8, 15, 3, 14, 20, 24, 18, 13, 22, 7, 21, 10, 12, 16, 5, 25, 17, 23, 2, 1, 19] 1441576
OPTIMO LOCAL - iter 29
--- 0.3468317985534668 seconds ---
SOL [20, 9, 12, 1, 18, 15, 8, 19, 4, 24, 10, 13, 22, 7, 6, 21, 11, 14, 5, 25, 17, 23, 2, 3, 16] 1233038

--> FIRST - INICIAL [9, 11, 6, 4, 8, 15, 3, 14, 20, 24, 18, 13, 22, 7, 21, 10, 12, 16, 5, 25, 17, 23, 2, 1, 19] 1441576
OPTIMO LOCAL - iter 53
--- 2.823209285736084 seconds ---
SOL [9, 11, 6, 4, 20, 12, 10, 17, 24, 19, 5, 1, 22, 25, 16, 21, 3, 15, 13, 8, 23, 7, 14, 18, 2] 1224596

--> RANDOM - INICIAL [9, 11, 6, 4, 8, 15, 3, 14, 20, 24, 18, 13, 22, 7, 21, 10, 12, 16, 5, 25, 17, 23, 2, 1, 19] 1441576
OPTIMO LOCAL - iter 27
--- 0.5828192234039307 seconds ---
SOL [24, 25, 6, 4, 21, 8, 3, 5, 7, 22, 13, 18, 11, 9, 20, 1, 17, 2, 14, 12, 16, 23, 15, 19, 10] 1241242
------------------------------------------
------------------------------------------
--> BEST - INICIAL [11, 4, 12, 14, 18, 24, 9, 2, 7, 10, 19, 15, 16, 25, 23, 8, 6, 21, 13, 20, 22, 1, 5, 17, 3] 1413148
OPTIMO LOCAL - iter 37
--- 0.379772424697876 seconds ---
SOL [1, 14, 21, 17, 4, 2, 24, 7, 11, 10, 9, 8, 16, 13, 22, 25, 6, 12, 18, 20, 23, 19, 5, 15, 3] 1229800

--> FIRST - INICIAL [11, 4, 12, 14, 18, 24, 9, 2, 7, 10, 19, 15, 16, 25, 23, 8, 6, 21, 13, 20, 22, 1, 5, 17, 3] 1413148
OPTIMO LOCAL - iter 34
--- 1.8244845867156982 seconds ---
SOL [11, 4, 20, 14, 9, 24, 21, 7, 10, 2, 16, 15, 13, 25, 5, 22, 6, 12, 8, 23, 1, 18, 17, 3, 19] 1245034

--> RANDOM - INICIAL [11, 4, 12, 14, 18, 24, 9, 2, 7, 10, 19, 15, 16, 25, 23, 8, 6, 21, 13, 20, 22, 1, 5, 17, 3] 1413148
OPTIMO LOCAL - iter 34
--- 0.7343072891235352 seconds ---
SOL [25, 13, 12, 9, 4, 16, 17, 5, 7, 20, 19, 24, 14, 8, 23, 18, 3, 11, 15, 1, 21, 2, 6, 10, 22] 1242012
------------------------------------------
------------------------------------------
--> BEST - INICIAL [23, 16, 20, 10, 4, 12, 8, 18, 11, 17, 3, 19, 9, 13, 14, 22, 6, 2, 25, 21, 7, 1, 15, 24, 5] 1464806
OPTIMO LOCAL - iter 49
--- 0.44560837745666504 seconds ---
SOL [8, 14, 22, 19, 10, 3, 17, 18, 13, 1, 5, 12, 24, 6, 11, 2, 25, 20, 9, 21, 7, 4, 23, 16, 15] 1243458

--> FIRST - INICIAL [23, 16, 20, 10, 4, 12, 8, 18, 11, 17, 3, 19, 9, 13, 14, 22, 6, 2, 25, 21, 7, 1, 15, 24, 5] 1464806
OPTIMO LOCAL - iter 37
--- 1.9887332916259766 seconds ---
SOL [24, 16, 20, 25, 4, 19, 8, 18, 15, 17, 6, 13, 1, 14, 5, 22, 7, 23, 12, 2, 21, 9, 3, 11, 10] 1224646

--> RANDOM - INICIAL [23, 16, 20, 10, 4, 12, 8, 18, 11, 17, 3, 19, 9, 13, 14, 22, 6, 2, 25, 21, 7, 1, 15, 24, 5] 1464806
OPTIMO LOCAL - iter 31
--- 0.6667726039886475 seconds ---
SOL [22, 17, 13, 11, 9, 23, 25, 7, 18, 16, 21, 19, 24, 6, 1, 8, 4, 2, 3, 14, 10, 15, 20, 12, 5] 1263826
------------------------------------------
------------------------------------------
--> BEST - INICIAL [17, 3, 20, 13, 5, 6, 7, 25, 19, 11, 4, 12, 14, 9, 18, 24, 1, 8, 22, 21, 23, 2, 10, 15, 16] 1420738
OPTIMO LOCAL - iter 22
--- 0.20435070991516113 seconds ---
SOL [1, 13, 21, 17, 12, 24, 2, 6, 23, 7, 10, 5, 14, 9, 18, 25, 3, 8, 22, 20, 19, 4, 11, 15, 16] 1239980

--> FIRST - INICIAL [17, 3, 20, 13, 5, 6, 7, 25, 19, 11, 4, 12, 14, 9, 18, 24, 1, 8, 22, 21, 23, 2, 10, 15, 16] 1420738
OPTIMO LOCAL - iter 41
--- 2.177741289138794 seconds ---
SOL [17, 3, 20, 13, 2, 7, 5, 25, 8, 19, 11, 15, 10, 12, 16, 14, 1, 22, 4, 23, 9, 6, 18, 21, 24] 1237444

--> RANDOM - INICIAL [17, 3, 20, 13, 5, 6, 7, 25, 19, 11, 4, 12, 14, 9, 18, 24, 1, 8, 22, 21, 23, 2, 10, 15, 16] 1420738
OPTIMO LOCAL - iter 23
--- 0.5071127414703369 seconds ---
SOL [4, 6, 18, 7, 1, 3, 8, 25, 19, 23, 15, 2, 14, 9, 13, 12, 22, 5, 20, 10, 17, 24, 21, 11, 16] 1264142
------------------------------------------
------------------------------------------
--> BEST - INICIAL [15, 24, 21, 19, 9, 20, 17, 6, 13, 3, 18, 12, 7, 5, 8, 4, 11, 25, 14, 23, 2, 16, 22, 1, 10] 1406362
OPTIMO LOCAL - iter 30
--- 0.2467029094696045 seconds ---
SOL [6, 2, 1, 24, 12, 18, 7, 23, 13, 21, 11, 17, 20, 8, 3, 4, 15, 9, 14, 25, 19, 16, 22, 5, 10] 1223408

--> FIRST - INICIAL [15, 24, 21, 19, 9, 20, 17, 6, 13, 3, 18, 12, 7, 5, 8, 4, 11, 25, 14, 23, 2, 16, 22, 1, 10] 1406362
OPTIMO LOCAL - iter 35
--- 1.932265281677246 seconds ---
SOL [15, 24, 10, 19, 9, 20, 3, 6, 17, 4, 21, 25, 23, 1, 11, 2, 8, 12, 14, 16, 7, 18, 22, 5, 13] 1238502

--> RANDOM - INICIAL [15, 24, 21, 19, 9, 20, 17, 6, 13, 3, 18, 12, 7, 5, 8, 4, 11, 25, 14, 23, 2, 16, 22, 1, 10] 1406362
OPTIMO LOCAL - iter 21
--- 0.4594912528991699 seconds ---
SOL [4, 5, 9, 19, 14, 6, 24, 15, 20, 17, 22, 25, 7, 2, 21, 18, 11, 8, 10, 23, 1, 12, 13, 16, 3] 1281202
------------------------------------------
------------------------------------------
--> BEST - INICIAL [22, 11, 25, 9, 5, 13, 8, 2, 16, 1, 6, 7, 15, 24, 3, 14, 23, 4, 18, 10, 21, 17, 20, 12, 19] 1454676
OPTIMO LOCAL - iter 46
--- 0.48191285133361816 seconds ---
SOL [24, 15, 20, 1, 3, 13, 9, 2, 4, 17, 6, 8, 14, 5, 16, 19, 23, 21, 18, 11, 7, 22, 25, 12, 10] 1231494

--> FIRST - INICIAL [22, 11, 25, 9, 5, 13, 8, 2, 16, 1, 6, 7, 15, 24, 3, 14, 23, 4, 18, 10, 21, 17, 20, 12, 19] 1454676
OPTIMO LOCAL - iter 50
--- 2.7098500728607178 seconds ---
SOL [17, 11, 14, 9, 16, 13, 3, 24, 21, 2, 8, 20, 7, 6, 22, 23, 19, 10, 15, 12, 25, 5, 4, 18, 1] 1226914

--> RANDOM - INICIAL [22, 11, 25, 9, 5, 13, 8, 2, 16, 1, 6, 7, 15, 24, 3, 14, 23, 4, 18, 10, 21, 17, 20, 12, 19] 1454676
OPTIMO LOCAL - iter 33
--- 0.7097010612487793 seconds ---
SOL [24, 2, 25, 20, 5, 11, 21, 8, 15, 19, 10, 6, 22, 4, 12, 17, 23, 9, 7, 1, 3, 13, 14, 18, 16] 1257274
------------------------------------------
------------------------------------------
OPT [9, 4, 6, 11, 5, 1, 15, 10, 14, 3, 17, 12, 19, 18, 23, 8, 21, 2, 22, 7, 16, 20, 24, 25, 13] 1167256
BEST -> 1236471.6 0.3097304105758667 [1256224, 1241230, 1224168, 1241916, 1233038, 1229800, 1243458, 1239980, 1223408, 1231494]
FISRT -> 1229882.4 2.218811821937561 [1215946, 1234246, 1221286, 1230210, 1224596, 1245034, 1224646, 1237444, 1238502, 1226914]
RANDOM -> 1254902.4 0.5855770826339721 [1257038, 1246584, 1246292, 1249412, 1241242, 1242012, 1263826, 1264142, 1281202, 1257274]
