Numero de corridas  10
------------------------------------------
--> BEST - INICIAL [10, 15, 31, 56, 13, 27, 32, 9, 19, 12, 5, 46, 53, 7, 25, 55, 35, 52, 45, 43, 23, 28, 17, 20, 51, 1, 60, 39, 30, 42, 38, 21, 50, 40, 14, 18, 47, 22, 59, 6, 29, 37, 4, 2, 34, 26, 3, 24, 44, 48, 54, 11, 58, 57, 8, 36, 49, 16, 41, 33] 8504862
OPTIMO LOCAL - iter 111
--- 15.131262302398682 seconds ---
SOL [36, 43, 21, 45, 20, 35, 25, 40, 50, 55, 8, 54, 17, 46, 39, 7, 12, 34, 58, 11, 23, 60, 48, 24, 9, 10, 19, 13, 5, 42, 15, 52, 51, 56, 14, 18, 47, 22, 59, 28, 37, 38, 4, 2, 53, 6, 3, 1, 57, 29, 32, 31, 27, 26, 30, 44, 49, 16, 41, 33] 7552130

--> FIRST - INICIAL [10, 15, 31, 56, 13, 27, 32, 9, 19, 12, 5, 46, 53, 7, 25, 55, 35, 52, 45, 43, 23, 28, 17, 20, 51, 1, 60, 39, 30, 42, 38, 21, 50, 40, 14, 18, 47, 22, 59, 6, 29, 37, 4, 2, 34, 26, 3, 24, 44, 48, 54, 11, 58, 57, 8, 36, 49, 16, 41, 33] 8504862
OPTIMO LOCAL - iter 150
--- 280.8370108604431 seconds ---
SOL [49, 15, 31, 56, 13, 1, 50, 9, 19, 14, 5, 30, 53, 10, 25, 18, 33, 23, 54, 2, 52, 28, 11, 37, 4, 29, 60, 12, 39, 45, 6, 41, 3, 48, 58, 24, 32, 16, 44, 20, 27, 59, 40, 34, 26, 57, 51, 35, 43, 7, 46, 55, 47, 38, 22, 8, 21, 36, 17, 42] 7483188

--> RANDOM - INICIAL [10, 15, 31, 56, 13, 27, 32, 9, 19, 12, 5, 46, 53, 7, 25, 55, 35, 52, 45, 43, 23, 28, 17, 20, 51, 1, 60, 39, 30, 42, 38, 21, 50, 40, 14, 18, 47, 22, 59, 6, 29, 37, 4, 2, 34, 26, 3, 24, 44, 48, 54, 11, 58, 57, 8, 36, 49, 16, 41, 33] 8504862
OPTIMO LOCAL - iter 83
--- 60.704225301742554 seconds ---
SOL [56, 30, 8, 34, 17, 53, 38, 25, 9, 40, 16, 43, 20, 12, 51, 29, 35, 52, 45, 1, 23, 22, 49, 3, 26, 19, 59, 24, 11, 33, 13, 7, 36, 2, 14, 18, 57, 60, 54, 6, 37, 15, 42, 32, 55, 44, 58, 5, 50, 48, 21, 46, 10, 28, 27, 31, 47, 39, 41, 4] 7583784
------------------------------------------
------------------------------------------
--> BEST - INICIAL [32, 7, 30, 1, 13, 36, 40, 15, 52, 16, 10, 34, 44, 35, 27, 22, 58, 5, 57, 46, 43, 41, 4, 20, 48, 12, 2, 25, 17, 56, 8, 38, 29, 50, 53, 37, 54, 33, 60, 11, 24, 51, 3, 49, 9, 39, 28, 59, 21, 18, 31, 26, 19, 23, 47, 6, 55, 42, 14, 45] 8472364
OPTIMO LOCAL - iter 123
--- 30.395197868347168 seconds ---
SOL [5, 59, 27, 49, 54, 23, 30, 11, 52, 57, 15, 50, 58, 13, 19, 22, 2, 1, 38, 25, 40, 41, 29, 20, 32, 4, 35, 46, 12, 56, 34, 10, 47, 8, 53, 51, 37, 44, 7, 48, 24, 55, 60, 17, 43, 39, 28, 36, 21, 42, 31, 26, 3, 14, 16, 6, 9, 18, 33, 45] 7529148

--> FIRST - INICIAL [32, 7, 30, 1, 13, 36, 40, 15, 52, 16, 10, 34, 44, 35, 27, 22, 58, 5, 57, 46, 43, 41, 4, 20, 48, 12, 2, 25, 17, 56, 8, 38, 29, 50, 53, 37, 54, 33, 60, 11, 24, 51, 3, 49, 9, 39, 28, 59, 21, 18, 31, 26, 19, 23, 47, 6, 55, 42, 14, 45] 8472364
OPTIMO LOCAL - iter 148
--- 272.52912282943726 seconds ---
SOL [32, 7, 8, 1, 49, 36, 40, 15, 52, 21, 10, 17, 44, 11, 25, 22, 35, 45, 4, 2, 23, 5, 42, 3, 38, 55, 39, 56, 30, 58, 19, 47, 18, 54, 60, 37, 6, 26, 48, 24, 51, 34, 53, 16, 9, 28, 14, 33, 50, 59, 43, 31, 41, 46, 29, 13, 20, 27, 57, 12] 7507092

--> RANDOM - INICIAL [32, 7, 30, 1, 13, 36, 40, 15, 52, 16, 10, 34, 44, 35, 27, 22, 58, 5, 57, 46, 43, 41, 4, 20, 48, 12, 2, 25, 17, 56, 8, 38, 29, 50, 53, 37, 54, 33, 60, 11, 24, 51, 3, 49, 9, 39, 28, 59, 21, 18, 31, 26, 19, 23, 47, 6, 55, 42, 14, 45] 8472364
OPTIMO LOCAL - iter 80
--- 57.63634943962097 seconds ---
SOL [39, 49, 57, 1, 24, 36, 25, 15, 52, 8, 45, 11, 43, 4, 7, 22, 40, 23, 18, 29, 33, 34, 17, 3, 48, 55, 12, 51, 14, 5, 10, 54, 41, 28, 56, 37, 13, 31, 44, 32, 42, 27, 58, 47, 9, 30, 16, 20, 21, 60, 50, 26, 35, 38, 53, 59, 19, 2, 6, 46] 7556342
------------------------------------------
------------------------------------------
--> BEST - INICIAL [36, 8, 20, 51, 4, 33, 21, 16, 7, 3, 40, 24, 44, 11, 28, 6, 22, 41, 60, 58, 25, 48, 59, 2, 17, 26, 53, 32, 42, 38, 1, 31, 13, 49, 23, 46, 43, 57, 12, 37, 18, 39, 15, 50, 14, 10, 55, 9, 52, 35, 34, 30, 27, 19, 56, 29, 5, 45, 47, 54] 8477038
OPTIMO LOCAL - iter 122
--- 26.571977853775024 seconds ---
SOL [26, 20, 36, 4, 18, 58, 7, 9, 31, 60, 40, 57, 13, 1, 34, 48, 43, 41, 5, 33, 16, 14, 59, 39, 51, 2, 28, 21, 42, 38, 17, 23, 44, 53, 54, 6, 35, 32, 30, 37, 12, 56, 15, 8, 24, 10, 22, 46, 52, 50, 55, 27, 29, 19, 49, 3, 25, 45, 47, 11] 7521242

--> FIRST - INICIAL [36, 8, 20, 51, 4, 33, 21, 16, 7, 3, 40, 24, 44, 11, 28, 6, 22, 41, 60, 58, 25, 48, 59, 2, 17, 26, 53, 32, 42, 38, 1, 31, 13, 49, 23, 46, 43, 57, 12, 37, 18, 39, 15, 50, 14, 10, 55, 9, 52, 35, 34, 30, 27, 19, 56, 29, 5, 45, 47, 54] 8477038
OPTIMO LOCAL - iter 139
--- 249.38977885246277 seconds ---
SOL [36, 8, 20, 51, 22, 33, 9, 5, 7, 3, 40, 39, 44, 49, 50, 6, 4, 45, 13, 32, 27, 58, 19, 2, 17, 12, 48, 53, 11, 10, 1, 14, 16, 23, 15, 18, 38, 41, 60, 31, 25, 29, 24, 59, 37, 35, 52, 42, 54, 28, 34, 30, 56, 47, 57, 26, 21, 43, 46, 55] 7508536

--> RANDOM - INICIAL [36, 8, 20, 51, 4, 33, 21, 16, 7, 3, 40, 24, 44, 11, 28, 6, 22, 41, 60, 58, 25, 48, 59, 2, 17, 26, 53, 32, 42, 38, 1, 31, 13, 49, 23, 46, 43, 57, 12, 37, 18, 39, 15, 50, 14, 10, 55, 9, 52, 35, 34, 30, 27, 19, 56, 29, 5, 45, 47, 54] 8477038
OPTIMO LOCAL - iter 83
--- 60.47873902320862 seconds ---
SOL [9, 54, 20, 30, 34, 49, 13, 22, 24, 42, 48, 31, 3, 40, 60, 6, 19, 35, 58, 45, 57, 1, 52, 4, 16, 26, 36, 27, 17, 38, 37, 50, 11, 47, 25, 14, 43, 39, 53, 18, 2, 28, 23, 12, 46, 44, 32, 7, 51, 10, 21, 33, 15, 29, 59, 56, 8, 5, 55, 41] 7639650
------------------------------------------
------------------------------------------
--> BEST - INICIAL [5, 49, 28, 20, 11, 55, 9, 1, 14, 47, 37, 26, 51, 10, 16, 6, 21, 32, 31, 46, 15, 41, 36, 43, 19, 48, 45, 59, 8, 23, 57, 52, 4, 13, 56, 35, 7, 54, 25, 2, 58, 18, 29, 34, 3, 24, 42, 38, 53, 17, 30, 27, 33, 12, 40, 39, 60, 44, 50, 22] 8585096
OPTIMO LOCAL - iter 146
--- 28.4657244682312 seconds ---
SOL [26, 30, 34, 27, 39, 6, 11, 1, 31, 25, 43, 37, 55, 60, 32, 53, 41, 47, 59, 12, 44, 35, 20, 51, 19, 15, 57, 13, 16, 21, 58, 52, 4, 8, 28, 17, 5, 14, 36, 48, 49, 54, 29, 2, 45, 24, 42, 38, 3, 9, 18, 56, 33, 7, 40, 10, 23, 46, 50, 22] 7493090

--> FIRST - INICIAL [5, 49, 28, 20, 11, 55, 9, 1, 14, 47, 37, 26, 51, 10, 16, 6, 21, 32, 31, 46, 15, 41, 36, 43, 19, 48, 45, 59, 8, 23, 57, 52, 4, 13, 56, 35, 7, 54, 25, 2, 58, 18, 29, 34, 3, 24, 42, 38, 53, 17, 30, 27, 33, 12, 40, 39, 60, 44, 50, 22] 8585096
OPTIMO LOCAL - iter 147
--- 273.6628987789154 seconds ---
SOL [4, 49, 28, 20, 11, 55, 9, 33, 14, 47, 37, 26, 10, 36, 16, 6, 45, 43, 31, 46, 15, 8, 29, 19, 48, 40, 25, 59, 32, 41, 35, 58, 13, 7, 50, 3, 23, 12, 1, 51, 24, 27, 44, 54, 56, 22, 38, 21, 5, 60, 18, 42, 2, 17, 34, 52, 57, 39, 30, 53] 7537600

--> RANDOM - INICIAL [5, 49, 28, 20, 11, 55, 9, 1, 14, 47, 37, 26, 51, 10, 16, 6, 21, 32, 31, 46, 15, 41, 36, 43, 19, 48, 45, 59, 8, 23, 57, 52, 4, 13, 56, 35, 7, 54, 25, 2, 58, 18, 29, 34, 3, 24, 42, 38, 53, 17, 30, 27, 33, 12, 40, 39, 60, 44, 50, 22] 8585096
OPTIMO LOCAL - iter 98
--- 69.38533401489258 seconds ---
SOL [25, 36, 28, 4, 14, 27, 41, 39, 37, 42, 33, 26, 2, 55, 5, 49, 1, 56, 15, 31, 47, 13, 11, 50, 19, 6, 32, 8, 46, 7, 48, 52, 44, 24, 53, 45, 54, 43, 23, 10, 17, 58, 3, 29, 9, 59, 57, 34, 30, 12, 40, 51, 38, 16, 35, 21, 60, 20, 18, 22] 7587500
------------------------------------------
------------------------------------------
--> BEST - INICIAL [3, 1, 32, 2, 54, 22, 60, 17, 13, 53, 19, 57, 42, 39, 5, 48, 59, 31, 50, 34, 24, 38, 23, 47, 56, 7, 10, 46, 8, 12, 37, 41, 45, 18, 21, 27, 44, 30, 6, 15, 16, 33, 20, 36, 9, 26, 40, 25, 51, 29, 4, 49, 35, 14, 11, 43, 28, 58, 52, 55] 8522072
OPTIMO LOCAL - iter 125
--- 21.491719245910645 seconds ---
SOL [39, 27, 8, 25, 33, 45, 50, 19, 14, 30, 21, 42, 59, 51, 12, 32, 55, 4, 7, 29, 49, 43, 5, 47, 46, 23, 2, 17, 28, 48, 37, 54, 52, 60, 9, 56, 24, 3, 6, 15, 16, 18, 20, 36, 13, 26, 40, 41, 31, 11, 44, 22, 35, 1, 53, 38, 10, 58, 57, 34] 7527334

--> FIRST - INICIAL [3, 1, 32, 2, 54, 22, 60, 17, 13, 53, 19, 57, 42, 39, 5, 48, 59, 31, 50, 34, 24, 38, 23, 47, 56, 7, 10, 46, 8, 12, 37, 41, 45, 18, 21, 27, 44, 30, 6, 15, 16, 33, 20, 36, 9, 26, 40, 25, 51, 29, 4, 49, 35, 14, 11, 43, 28, 58, 52, 55] 8522072
OPTIMO LOCAL - iter 137
--- 242.18459010124207 seconds ---
SOL [3, 1, 32, 41, 6, 22, 60, 17, 13, 53, 40, 55, 49, 19, 35, 7, 59, 39, 43, 34, 20, 29, 48, 15, 56, 44, 10, 33, 8, 58, 38, 54, 5, 16, 52, 47, 18, 24, 57, 50, 9, 25, 51, 14, 12, 31, 4, 23, 46, 27, 37, 2, 26, 45, 30, 36, 21, 11, 28, 42] 7549144

--> RANDOM - INICIAL [3, 1, 32, 2, 54, 22, 60, 17, 13, 53, 19, 57, 42, 39, 5, 48, 59, 31, 50, 34, 24, 38, 23, 47, 56, 7, 10, 46, 8, 12, 37, 41, 45, 18, 21, 27, 44, 30, 6, 15, 16, 33, 20, 36, 9, 26, 40, 25, 51, 29, 4, 49, 35, 14, 11, 43, 28, 58, 52, 55] 8522072
OPTIMO LOCAL - iter 108
--- 76.90444564819336 seconds ---
SOL [49, 44, 26, 60, 5, 22, 59, 31, 28, 48, 17, 25, 30, 46, 6, 53, 34, 35, 7, 36, 19, 1, 23, 45, 21, 51, 50, 16, 55, 12, 37, 58, 10, 57, 41, 32, 4, 15, 13, 8, 33, 56, 20, 52, 27, 54, 40, 42, 18, 43, 24, 39, 11, 9, 29, 2, 14, 38, 3, 47] 7492814
------------------------------------------
------------------------------------------
--> BEST - INICIAL [8, 2, 57, 19, 9, 20, 46, 1, 56, 7, 15, 17, 25, 49, 38, 26, 5, 58, 36, 48, 13, 22, 39, 52, 50, 37, 6, 24, 10, 18, 47, 23, 44, 21, 34, 59, 32, 60, 4, 31, 45, 54, 14, 55, 33, 41, 40, 3, 16, 29, 42, 53, 27, 12, 43, 11, 30, 28, 51, 35] 8586416
OPTIMO LOCAL - iter 140
--- 36.05076313018799 seconds ---
SOL [20, 31, 53, 18, 46, 5, 47, 38, 52, 10, 24, 16, 42, 56, 11, 8, 22, 26, 51, 58, 13, 6, 33, 48, 39, 17, 55, 9, 12, 29, 19, 2, 36, 44, 34, 15, 14, 60, 32, 45, 28, 54, 23, 7, 21, 41, 40, 3, 37, 1, 50, 25, 27, 43, 4, 59, 30, 49, 57, 35] 7530234

--> FIRST - INICIAL [8, 2, 57, 19, 9, 20, 46, 1, 56, 7, 15, 17, 25, 49, 38, 26, 5, 58, 36, 48, 13, 22, 39, 52, 50, 37, 6, 24, 10, 18, 47, 23, 44, 21, 34, 59, 32, 60, 4, 31, 45, 54, 14, 55, 33, 41, 40, 3, 16, 29, 42, 53, 27, 12, 43, 11, 30, 28, 51, 35] 8586416
OPTIMO LOCAL - iter 120
--- 212.79123330116272 seconds ---
SOL [43, 2, 57, 19, 9, 22, 46, 33, 56, 12, 15, 17, 23, 49, 38, 26, 21, 58, 36, 5, 20, 31, 45, 51, 50, 37, 48, 27, 25, 42, 40, 59, 28, 60, 47, 8, 34, 13, 18, 55, 10, 24, 11, 3, 39, 41, 54, 32, 4, 35, 7, 6, 14, 44, 29, 53, 16, 52, 1, 30] 7537084

--> RANDOM - INICIAL [8, 2, 57, 19, 9, 20, 46, 1, 56, 7, 15, 17, 25, 49, 38, 26, 5, 58, 36, 48, 13, 22, 39, 52, 50, 37, 6, 24, 10, 18, 47, 23, 44, 21, 34, 59, 32, 60, 4, 31, 45, 54, 14, 55, 33, 41, 40, 3, 16, 29, 42, 53, 27, 12, 43, 11, 30, 28, 51, 35] 8586416
OPTIMO LOCAL - iter 96
--- 67.89885115623474 seconds ---
SOL [8, 34, 12, 9, 35, 22, 46, 11, 4, 13, 19, 36, 57, 39, 44, 10, 27, 58, 33, 2, 45, 59, 41, 40, 16, 37, 24, 50, 49, 42, 1, 14, 17, 21, 60, 56, 55, 6, 30, 18, 25, 48, 47, 54, 3, 53, 52, 7, 38, 29, 5, 31, 32, 51, 28, 43, 23, 26, 15, 20] 7592990
------------------------------------------
------------------------------------------
--> BEST - INICIAL [37, 34, 48, 24, 58, 32, 13, 42, 30, 28, 55, 46, 38, 23, 6, 14, 57, 4, 11, 56, 59, 53, 17, 22, 15, 27, 50, 54, 2, 41, 47, 7, 18, 16, 3, 26, 10, 12, 44, 45, 21, 51, 39, 9, 36, 25, 20, 60, 5, 40, 31, 35, 8, 29, 52, 43, 33, 19, 1, 49] 8428932
OPTIMO LOCAL - iter 125
--- 26.829484462738037 seconds ---
SOL [55, 17, 32, 13, 31, 8, 18, 28, 10, 15, 39, 2, 42, 27, 1, 46, 4, 49, 33, 59, 41, 14, 19, 51, 53, 11, 50, 37, 29, 54, 47, 7, 58, 16, 3, 26, 6, 12, 44, 34, 57, 48, 24, 22, 21, 45, 20, 60, 5, 40, 36, 56, 25, 9, 52, 43, 30, 38, 23, 35] 7488054

--> FIRST - INICIAL [37, 34, 48, 24, 58, 32, 13, 42, 30, 28, 55, 46, 38, 23, 6, 14, 57, 4, 11, 56, 59, 53, 17, 22, 15, 27, 50, 54, 2, 41, 47, 7, 18, 16, 3, 26, 10, 12, 44, 45, 21, 51, 39, 9, 36, 25, 20, 60, 5, 40, 31, 35, 8, 29, 52, 43, 33, 19, 1, 49] 8428932
OPTIMO LOCAL - iter 134
--- 235.61225008964539 seconds ---
SOL [37, 34, 48, 27, 38, 13, 8, 42, 52, 9, 54, 2, 41, 24, 6, 46, 36, 56, 15, 23, 17, 55, 33, 19, 53, 44, 7, 49, 4, 39, 43, 1, 59, 29, 32, 26, 51, 10, 3, 25, 5, 20, 47, 31, 50, 18, 12, 30, 60, 57, 22, 14, 11, 21, 16, 35, 58, 28, 45, 40] 7517058

--> RANDOM - INICIAL [37, 34, 48, 24, 58, 32, 13, 42, 30, 28, 55, 46, 38, 23, 6, 14, 57, 4, 11, 56, 59, 53, 17, 22, 15, 27, 50, 54, 2, 41, 47, 7, 18, 16, 3, 26, 10, 12, 44, 45, 21, 51, 39, 9, 36, 25, 20, 60, 5, 40, 31, 35, 8, 29, 52, 43, 33, 19, 1, 49] 8428932
OPTIMO LOCAL - iter 92
--- 63.93909525871277 seconds ---
SOL [49, 41, 15, 53, 47, 31, 19, 8, 25, 52, 9, 42, 10, 26, 44, 38, 2, 43, 50, 12, 30, 22, 36, 28, 16, 27, 54, 39, 48, 35, 29, 58, 17, 59, 60, 37, 40, 57, 6, 45, 33, 23, 7, 13, 4, 55, 5, 11, 24, 14, 20, 18, 32, 3, 56, 21, 34, 46, 51, 1] 7526828
------------------------------------------
------------------------------------------
--> BEST - INICIAL [14, 58, 15, 6, 47, 35, 42, 59, 17, 24, 21, 30, 23, 28, 1, 54, 56, 50, 10, 43, 53, 52, 46, 4, 38, 51, 11, 57, 26, 22, 5, 2, 49, 44, 18, 29, 34, 3, 19, 7, 55, 39, 37, 41, 13, 45, 20, 60, 16, 36, 48, 12, 27, 25, 32, 40, 31, 33, 8, 9] 8491822
OPTIMO LOCAL - iter 126
--- 27.258930683135986 seconds ---
SOL [55, 51, 24, 5, 20, 10, 21, 60, 48, 46, 4, 44, 7, 6, 59, 50, 23, 12, 56, 43, 35, 34, 58, 29, 47, 1, 15, 57, 33, 38, 14, 41, 3, 26, 18, 28, 39, 54, 42, 17, 2, 11, 37, 49, 13, 45, 19, 16, 9, 30, 52, 22, 27, 25, 32, 40, 31, 53, 8, 36] 7523388

--> FIRST - INICIAL [14, 58, 15, 6, 47, 35, 42, 59, 17, 24, 21, 30, 23, 28, 1, 54, 56, 50, 10, 43, 53, 52, 46, 4, 38, 51, 11, 57, 26, 22, 5, 2, 49, 44, 18, 29, 34, 3, 19, 7, 55, 39, 37, 41, 13, 45, 20, 60, 16, 36, 48, 12, 27, 25, 32, 40, 31, 33, 8, 9] 8491822
OPTIMO LOCAL - iter 141
--- 246.70588517189026 seconds ---
SOL [14, 58, 15, 22, 44, 35, 42, 37, 17, 53, 21, 9, 27, 18, 1, 54, 45, 5, 10, 51, 11, 52, 49, 4, 38, 6, 48, 28, 60, 31, 25, 33, 41, 47, 36, 30, 12, 19, 39, 56, 13, 40, 32, 43, 29, 7, 3, 23, 16, 26, 24, 50, 20, 55, 2, 46, 59, 34, 8, 57] 7551514

--> RANDOM - INICIAL [14, 58, 15, 6, 47, 35, 42, 59, 17, 24, 21, 30, 23, 28, 1, 54, 56, 50, 10, 43, 53, 52, 46, 4, 38, 51, 11, 57, 26, 22, 5, 2, 49, 44, 18, 29, 34, 3, 19, 7, 55, 39, 37, 41, 13, 45, 20, 60, 16, 36, 48, 12, 27, 25, 32, 40, 31, 33, 8, 9] 8491822
OPTIMO LOCAL - iter 79
--- 55.049396991729736 seconds ---
SOL [14, 42, 15, 57, 49, 36, 20, 38, 27, 59, 17, 54, 12, 46, 43, 6, 56, 50, 30, 1, 35, 52, 53, 4, 39, 13, 3, 55, 21, 28, 11, 44, 48, 2, 32, 37, 22, 19, 51, 47, 25, 23, 34, 9, 5, 45, 18, 29, 24, 10, 8, 60, 7, 58, 16, 41, 26, 40, 31, 33] 7617484
------------------------------------------
------------------------------------------
--> BEST - INICIAL [42, 22, 29, 9, 25, 58, 35, 16, 11, 19, 39, 34, 38, 7, 4, 5, 30, 36, 13, 20, 49, 59, 17, 23, 52, 37, 31, 3, 27, 44, 48, 47, 43, 45, 10, 6, 28, 56, 40, 21, 24, 2, 8, 12, 55, 15, 14, 46, 26, 60, 57, 54, 32, 50, 51, 53, 33, 1, 18, 41] 8478278
OPTIMO LOCAL - iter 131
--- 29.628906965255737 seconds ---
SOL [18, 35, 47, 50, 46, 3, 2, 4, 51, 44, 5, 37, 17, 8, 12, 1, 42, 16, 25, 20, 49, 59, 15, 56, 60, 30, 39, 36, 26, 45, 6, 19, 43, 29, 13, 22, 7, 55, 31, 54, 24, 27, 38, 11, 48, 28, 14, 40, 21, 52, 57, 9, 10, 23, 32, 53, 33, 34, 58, 41] 7528606

--> FIRST - INICIAL [42, 22, 29, 9, 25, 58, 35, 16, 11, 19, 39, 34, 38, 7, 4, 5, 30, 36, 13, 20, 49, 59, 17, 23, 52, 37, 31, 3, 27, 44, 48, 47, 43, 45, 10, 6, 28, 56, 40, 21, 24, 2, 8, 12, 55, 15, 14, 46, 26, 60, 57, 54, 32, 50, 51, 53, 33, 1, 18, 41] 8478278
OPTIMO LOCAL - iter 174
--- 305.391934633255 seconds ---
SOL [42, 22, 29, 20, 57, 33, 35, 59, 40, 38, 50, 34, 46, 7, 47, 5, 24, 13, 31, 26, 25, 4, 49, 58, 56, 37, 52, 12, 18, 54, 43, 1, 11, 10, 36, 2, 8, 28, 44, 32, 55, 27, 15, 17, 14, 23, 6, 21, 39, 30, 45, 3, 41, 51, 53, 48, 9, 16, 60, 19] 7503066

--> RANDOM - INICIAL [42, 22, 29, 9, 25, 58, 35, 16, 11, 19, 39, 34, 38, 7, 4, 5, 30, 36, 13, 20, 49, 59, 17, 23, 52, 37, 31, 3, 27, 44, 48, 47, 43, 45, 10, 6, 28, 56, 40, 21, 24, 2, 8, 12, 55, 15, 14, 46, 26, 60, 57, 54, 32, 50, 51, 53, 33, 1, 18, 41] 8478278
OPTIMO LOCAL - iter 78
--- 56.04778814315796 seconds ---
SOL [32, 6, 54, 42, 20, 10, 27, 49, 9, 44, 51, 3, 28, 50, 45, 60, 31, 29, 13, 22, 41, 59, 57, 43, 52, 58, 18, 30, 12, 56, 47, 39, 53, 40, 15, 35, 37, 34, 25, 5, 48, 2, 23, 7, 55, 21, 14, 8, 24, 16, 46, 1, 11, 4, 17, 26, 38, 19, 33, 36] 7580032
------------------------------------------
------------------------------------------
--> BEST - INICIAL [55, 36, 2, 32, 15, 47, 28, 51, 39, 11, 12, 48, 13, 25, 59, 34, 35, 18, 49, 17, 7, 21, 27, 3, 56, 54, 58, 38, 26, 8, 19, 22, 29, 16, 37, 6, 40, 50, 45, 42, 14, 52, 10, 1, 43, 33, 20, 23, 41, 46, 53, 24, 31, 9, 30, 4, 5, 60, 57, 44] 8584978
OPTIMO LOCAL - iter 139
--- 23.327821016311646 seconds ---
SOL [21, 45, 23, 25, 30, 60, 49, 28, 7, 32, 12, 38, 35, 19, 48, 55, 42, 36, 58, 4, 54, 27, 10, 34, 13, 9, 29, 40, 31, 8, 15, 6, 16, 26, 37, 14, 47, 43, 20, 22, 5, 18, 44, 1, 3, 33, 59, 56, 41, 46, 53, 17, 52, 2, 39, 50, 24, 51, 57, 11] 7565408

--> FIRST - INICIAL [55, 36, 2, 32, 15, 47, 28, 51, 39, 11, 12, 48, 13, 25, 59, 34, 35, 18, 49, 17, 7, 21, 27, 3, 56, 54, 58, 38, 26, 8, 19, 22, 29, 16, 37, 6, 40, 50, 45, 42, 14, 52, 10, 1, 43, 33, 20, 23, 41, 46, 53, 24, 31, 9, 30, 4, 5, 60, 57, 44] 8584978
OPTIMO LOCAL - iter 154
--- 273.435106754303 seconds ---
SOL [11, 36, 52, 57, 15, 44, 18, 23, 39, 55, 12, 48, 32, 8, 28, 34, 7, 33, 47, 43, 13, 10, 27, 14, 37, 35, 54, 45, 19, 20, 46, 30, 58, 9, 40, 6, 60, 25, 59, 5, 26, 51, 56, 42, 31, 16, 3, 17, 1, 41, 24, 21, 4, 2, 29, 22, 49, 38, 50, 53] 7550384

--> RANDOM - INICIAL [55, 36, 2, 32, 15, 47, 28, 51, 39, 11, 12, 48, 13, 25, 59, 34, 35, 18, 49, 17, 7, 21, 27, 3, 56, 54, 58, 38, 26, 8, 19, 22, 29, 16, 37, 6, 40, 50, 45, 42, 14, 52, 10, 1, 43, 33, 20, 23, 41, 46, 53, 24, 31, 9, 30, 4, 5, 60, 57, 44] 8584978
OPTIMO LOCAL - iter 76
--- 54.184377908706665 seconds ---
SOL [55, 4, 13, 28, 17, 34, 50, 42, 5, 43, 22, 12, 7, 14, 59, 49, 29, 19, 11, 37, 60, 35, 27, 21, 54, 45, 58, 48, 30, 56, 32, 38, 3, 47, 25, 26, 40, 39, 31, 51, 46, 15, 41, 18, 44, 33, 20, 1, 9, 6, 2, 24, 23, 8, 36, 53, 52, 16, 10, 57] 7677424
------------------------------------------
------------------------------------------
OPT [30, 7, 40, 18, 6, 29, 56, 1, 5, 50, 21, 32, 53, 34, 38, 16, 19, 47, 23, 43, 4, 8, 39, 49, 55, 3, 57, 41, 22, 48, 37, 60, 59, 44, 54, 52, 9, 11, 35, 20, 15, 42, 14, 25, 27, 24, 36, 13, 17, 46, 12, 31, 58, 51, 2, 33, 45, 26, 10, 28] 7205962
BEST -> 7525863.4 26.51517879962921 [7552130, 7529148, 7521242, 7493090, 7527334, 7530234, 7488054, 7523388, 7528606, 7565408]
FISRT -> 7524466.6 259.2539811372757 [7483188, 7507092, 7508536, 7537600, 7549144, 7537084, 7517058, 7551514, 7503066, 7550384]
RANDOM -> 7585484.8 62.22286028862 [7583784, 7556342, 7639650, 7587500, 7492814, 7592990, 7526828, 7617484, 7580032, 7677424]
