------------------------------------------
--> BEST - INICIAL [28, 57, 56, 31, 33, 42, 11, 14, 58, 60, 22, 29, 32, 49, 9, 4, 62, 1, 44, 46, 50, 15, 12, 35, 36, 17, 55, 53, 41, 48, 38, 61, 18, 26, 30, 8, 23, 2, 40, 13, 43, 51, 52, 45, 39, 27, 6, 10, 24, 63, 25, 19, 16, 7, 3, 20, 47, 64, 21, 54, 37, 59, 34, 5] 2740534
--- 7.958209037780762 seconds ---
SOL [7, 44, 56, 46, 26, 42, 12, 9, 58, 61, 22, 28, 32, 31, 57, 4, 29, 1, 8, 49, 50, 14, 11, 35, 36, 54, 33, 53, 41, 64, 38, 60, 17, 18, 30, 15, 23, 2, 40, 13, 43, 51, 52, 55, 39, 27, 48, 10, 24, 63, 25, 19, 16, 6, 3, 20, 47, 62, 21, 45, 37, 59, 34, 5] 1855928

--> FIRST - INICIAL [28, 57, 56, 31, 33, 42, 11, 14, 58, 60, 22, 29, 32, 49, 9, 4, 62, 1, 44, 46, 50, 15, 12, 35, 36, 17, 55, 53, 41, 48, 38, 61, 18, 26, 30, 8, 23, 2, 40, 13, 43, 51, 52, 45, 39, 27, 6, 10, 24, 63, 25, 19, 16, 7, 3, 20, 47, 64, 21, 54, 37, 59, 34, 5] 2740534
--- 100.57101440429688 seconds ---
SOL [28, 58, 56, 31, 33, 43, 12, 14, 60, 18, 46, 16, 62, 49, 9, 4, 54, 1, 44, 45, 50, 15, 11, 35, 36, 17, 55, 53, 41, 48, 38, 61, 26, 47, 30, 8, 23, 2, 40, 13, 42, 51, 52, 37, 39, 27, 6, 10, 24, 63, 25, 19, 7, 21, 3, 20, 5, 64, 29, 32, 59, 57, 34, 22] 1855928

--> RANDOM - INICIAL [28, 57, 56, 31, 33, 42, 11, 14, 58, 60, 22, 29, 32, 49, 9, 4, 62, 1, 44, 46, 50, 15, 12, 35, 36, 17, 55, 53, 41, 48, 38, 61, 18, 26, 30, 8, 23, 2, 40, 13, 43, 51, 52, 45, 39, 27, 6, 10, 24, 63, 25, 19, 16, 7, 3, 20, 47, 64, 21, 54, 37, 59, 34, 5] 2740534
OPTIMO LOCAL - iter 21
--- 42.69090032577515 seconds ---
SOL [44, 7, 56, 54, 42, 32, 11, 38, 59, 5, 22, 27, 9, 64, 31, 4, 62, 1, 60, 46, 50, 15, 12, 35, 36, 57, 55, 53, 33, 48, 29, 61, 18, 26, 30, 8, 23, 2, 40, 13, 41, 51, 52, 45, 39, 6, 14, 10, 24, 63, 25, 19, 16, 47, 3, 20, 17, 49, 21, 43, 37, 58, 34, 28] 1872224
------------------------------------------
------------------------------------------
--> BEST - INICIAL [29, 57, 34, 48, 24, 58, 15, 51, 63, 31, 53, 54, 6, 45, 42, 22, 28, 3, 16, 18, 59, 26, 11, 46, 62, 21, 43, 23, 25, 10, 64, 27, 52, 8, 5, 2, 36, 37, 30, 39, 60, 4, 20, 47, 12, 33, 44, 50, 1, 49, 61, 14, 41, 38, 40, 17, 56, 9, 32, 19, 55, 7, 35, 13] 2548610
OPTIMO LOCAL - iter 31
--- 21.491597175598145 seconds ---
SOL [19, 52, 34, 48, 3, 8, 21, 50, 17, 31, 37, 54, 6, 53, 42, 58, 63, 15, 16, 18, 59, 26, 20, 46, 62, 22, 43, 23, 25, 10, 64, 27, 45, 1, 5, 2, 28, 36, 30, 39, 60, 12, 29, 47, 4, 33, 44, 51, 57, 49, 61, 14, 41, 38, 40, 24, 56, 9, 32, 11, 55, 7, 35, 13] 1857646

--> FIRST - INICIAL [29, 57, 34, 48, 24, 58, 15, 51, 63, 31, 53, 54, 6, 45, 42, 22, 28, 3, 16, 18, 59, 26, 11, 46, 62, 21, 43, 23, 25, 10, 64, 27, 52, 8, 5, 2, 36, 37, 30, 39, 60, 4, 20, 47, 12, 33, 44, 50, 1, 49, 61, 14, 41, 38, 40, 17, 56, 9, 32, 19, 55, 7, 35, 13] 2548610
OPTIMO LOCAL - iter 26
--- 66.84895086288452 seconds ---
SOL [29, 50, 34, 48, 32, 9, 14, 61, 64, 46, 44, 3, 19, 53, 42, 22, 28, 12, 16, 10, 59, 26, 11, 38, 62, 21, 43, 23, 25, 27, 63, 18, 52, 8, 4, 2, 36, 37, 30, 31, 51, 13, 20, 47, 5, 33, 45, 57, 1, 49, 60, 15, 41, 39, 40, 17, 56, 58, 24, 6, 55, 7, 35, 54] 1864686

--> RANDOM - INICIAL [29, 57, 34, 48, 24, 58, 15, 51, 63, 31, 53, 54, 6, 45, 42, 22, 28, 3, 16, 18, 59, 26, 11, 46, 62, 21, 43, 23, 25, 10, 64, 27, 52, 8, 5, 2, 36, 37, 30, 39, 60, 4, 20, 47, 12, 33, 44, 50, 1, 49, 61, 14, 41, 38, 40, 17, 56, 9, 32, 19, 55, 7, 35, 13] 2548610
OPTIMO LOCAL - iter 9
--- 8.82270336151123 seconds ---
SOL [29, 57, 34, 40, 24, 2, 14, 51, 63, 46, 44, 4, 18, 45, 42, 22, 28, 3, 16, 20, 59, 26, 11, 6, 62, 21, 43, 23, 25, 10, 64, 27, 52, 8, 5, 58, 36, 37, 30, 39, 60, 54, 31, 47, 12, 33, 53, 50, 1, 49, 61, 15, 41, 38, 48, 17, 56, 9, 32, 19, 55, 7, 35, 13] 1953978
------------------------------------------
------------------------------------------
--> BEST - INICIAL [11, 42, 43, 21, 34, 8, 61, 64, 25, 3, 16, 41, 36, 18, 31, 5, 60, 40, 30, 12, 46, 19, 38, 17, 45, 6, 37, 62, 39, 58, 2, 56, 33, 49, 4, 35, 44, 52, 55, 15, 47, 48, 54, 57, 32, 23, 22, 13, 7, 24, 29, 28, 20, 50, 27, 10, 51, 9, 1, 26, 63, 53, 59, 14] 2997750
OPTIMO LOCAL - iter 26
--- 7.514166355133057 seconds ---
SOL [46, 31, 62, 21, 19, 51, 4, 64, 25, 2, 16, 41, 36, 8, 11, 5, 61, 40, 42, 34, 30, 12, 38, 17, 45, 43, 37, 6, 39, 58, 3, 56, 33, 49, 60, 35, 44, 52, 55, 15, 47, 48, 54, 57, 32, 23, 22, 13, 7, 24, 29, 28, 20, 50, 18, 10, 27, 9, 1, 26, 63, 53, 59, 14] 1863794

--> FIRST - INICIAL [11, 42, 43, 21, 34, 8, 61, 64, 25, 3, 16, 41, 36, 18, 31, 5, 60, 40, 30, 12, 46, 19, 38, 17, 45, 6, 37, 62, 39, 58, 2, 56, 33, 49, 4, 35, 44, 52, 55, 15, 47, 48, 54, 57, 32, 23, 22, 13, 7, 24, 29, 28, 20, 50, 27, 10, 51, 9, 1, 26, 63, 53, 59, 14] 2997750
OPTIMO LOCAL - iter 65
--- 145.50681066513062 seconds ---
SOL [11, 42, 27, 21, 16, 6, 60, 31, 58, 64, 25, 47, 45, 18, 32, 5, 53, 39, 30, 12, 23, 19, 38, 9, 44, 7, 54, 62, 46, 40, 2, 56, 33, 49, 4, 35, 37, 52, 55, 63, 48, 14, 24, 1, 26, 36, 22, 13, 8, 15, 29, 28, 20, 50, 43, 10, 51, 3, 59, 17, 57, 61, 41, 34] 1857646

--> RANDOM - INICIAL [11, 42, 43, 21, 34, 8, 61, 64, 25, 3, 16, 41, 36, 18, 31, 5, 60, 40, 30, 12, 46, 19, 38, 17, 45, 6, 37, 62, 39, 58, 2, 56, 33, 49, 4, 35, 44, 52, 55, 15, 47, 48, 54, 57, 32, 23, 22, 13, 7, 24, 29, 28, 20, 50, 27, 10, 51, 9, 1, 26, 63, 53, 59, 14] 2997750
OPTIMO LOCAL - iter 13
--- 12.281243085861206 seconds ---
SOL [19, 39, 50, 21, 46, 25, 61, 64, 36, 3, 16, 41, 6, 18, 31, 5, 60, 40, 30, 12, 45, 1, 38, 29, 34, 14, 37, 62, 42, 58, 2, 56, 33, 49, 4, 35, 44, 52, 55, 15, 47, 48, 54, 57, 32, 23, 22, 13, 7, 24, 8, 28, 20, 43, 27, 10, 51, 9, 11, 17, 63, 53, 59, 26] 1970692
------------------------------------------
------------------------------------------
--> BEST - INICIAL [64, 63, 26, 14, 45, 51, 52, 37, 19, 6, 20, 60, 53, 39, 31, 21, 55, 11, 24, 7, 27, 34, 28, 32, 16, 17, 48, 57, 62, 3, 15, 49, 58, 9, 59, 2, 54, 44, 5, 12, 30, 8, 50, 42, 23, 33, 40, 29, 61, 1, 43, 22, 13, 18, 35, 47, 10, 25, 41, 46, 56, 38, 36, 4] 3469924
OPTIMO LOCAL - iter 72
--- 15.845415830612183 seconds ---
SOL [17, 31, 35, 33, 1, 56, 50, 37, 11, 6, 21, 60, 54, 52, 45, 20, 14, 19, 26, 7, 27, 40, 28, 51, 16, 48, 39, 63, 62, 55, 15, 3, 64, 34, 59, 2, 53, 44, 5, 12, 30, 8, 58, 42, 23, 25, 24, 29, 61, 49, 43, 22, 13, 18, 57, 47, 10, 32, 41, 46, 9, 38, 36, 4] 1863678

--> FIRST - INICIAL [64, 63, 26, 14, 45, 51, 52, 37, 19, 6, 20, 60, 53, 39, 31, 21, 55, 11, 24, 7, 27, 34, 28, 32, 16, 17, 48, 57, 62, 3, 15, 49, 58, 9, 59, 2, 54, 44, 5, 12, 30, 8, 50, 42, 23, 33, 40, 29, 61, 1, 43, 22, 13, 18, 35, 47, 10, 25, 41, 46, 56, 38, 36, 4] 3469924
OPTIMO LOCAL - iter 41
--- 91.92061519622803 seconds ---
SOL [64, 6, 26, 22, 43, 60, 54, 37, 20, 39, 2, 24, 41, 30, 31, 21, 55, 11, 9, 7, 27, 34, 35, 32, 16, 17, 40, 57, 62, 47, 15, 49, 58, 3, 59, 1, 61, 45, 5, 12, 4, 8, 50, 42, 23, 33, 48, 29, 51, 10, 44, 14, 13, 18, 36, 19, 63, 25, 56, 46, 38, 53, 28, 52] 1864686

--> RANDOM - INICIAL [64, 63, 26, 14, 45, 51, 52, 37, 19, 6, 20, 60, 53, 39, 31, 21, 55, 11, 24, 7, 27, 34, 28, 32, 16, 17, 48, 57, 62, 3, 15, 49, 58, 9, 59, 2, 54, 44, 5, 12, 30, 8, 50, 42, 23, 33, 40, 29, 61, 1, 43, 22, 13, 18, 35, 47, 10, 25, 41, 46, 56, 38, 36, 4] 3469924
OPTIMO LOCAL - iter 26
--- 23.616554975509644 seconds ---
SOL [64, 43, 24, 14, 2, 26, 41, 62, 60, 45, 20, 47, 30, 39, 31, 21, 37, 11, 17, 57, 7, 9, 28, 34, 16, 53, 52, 22, 55, 3, 15, 49, 58, 19, 59, 1, 54, 6, 5, 12, 18, 8, 50, 42, 23, 33, 40, 29, 61, 10, 51, 63, 13, 27, 35, 32, 44, 25, 48, 46, 56, 38, 36, 4] 1876252
------------------------------------------
------------------------------------------
--> BEST - INICIAL [62, 37, 51, 47, 45, 23, 43, 13, 50, 7, 63, 27, 18, 39, 38, 8, 35, 17, 56, 36, 6, 22, 4, 59, 41, 48, 54, 42, 20, 25, 3, 19, 29, 46, 60, 21, 26, 1, 33, 15, 16, 61, 55, 40, 12, 53, 28, 64, 9, 10, 11, 44, 14, 57, 49, 31, 24, 5, 2, 34, 32, 58, 30, 52] 2773056
OPTIMO LOCAL - iter 28
--- 7.483689785003662 seconds ---
SOL [2, 33, 29, 47, 45, 23, 60, 13, 49, 8, 62, 35, 18, 51, 63, 7, 27, 39, 17, 36, 6, 22, 37, 59, 56, 48, 54, 42, 20, 41, 4, 19, 25, 46, 38, 21, 26, 43, 3, 15, 16, 61, 55, 40, 12, 53, 28, 64, 9, 10, 11, 44, 14, 57, 50, 31, 24, 5, 1, 34, 32, 58, 30, 52] 1867264

--> FIRST - INICIAL [62, 37, 51, 47, 45, 23, 43, 13, 50, 7, 63, 27, 18, 39, 38, 8, 35, 17, 56, 36, 6, 22, 4, 59, 41, 48, 54, 42, 20, 25, 3, 19, 29, 46, 60, 21, 26, 1, 33, 15, 16, 61, 55, 40, 12, 53, 28, 64, 9, 10, 11, 44, 14, 57, 49, 31, 24, 5, 2, 34, 32, 58, 30, 52] 2773056
--- 187.2518379688263 seconds ---
SOL [62, 37, 52, 47, 31, 15, 57, 13, 42, 27, 25, 3, 9, 39, 38, 1, 35, 33, 56, 36, 6, 22, 4, 59, 49, 48, 54, 41, 20, 26, 7, 17, 29, 46, 60, 21, 40, 64, 34, 23, 16, 61, 55, 32, 12, 53, 28, 8, 11, 19, 18, 44, 14, 58, 2, 30, 24, 5, 45, 10, 43, 50, 63, 51] 1855928

--> RANDOM - INICIAL [62, 37, 51, 47, 45, 23, 43, 13, 50, 7, 63, 27, 18, 39, 38, 8, 35, 17, 56, 36, 6, 22, 4, 59, 41, 48, 54, 42, 20, 25, 3, 19, 29, 46, 60, 21, 26, 1, 33, 15, 16, 61, 55, 40, 12, 53, 28, 64, 9, 10, 11, 44, 14, 57, 49, 31, 24, 5, 2, 34, 32, 58, 30, 52] 2773056
OPTIMO LOCAL - iter 14
--- 29.452751874923706 seconds ---
SOL [53, 37, 51, 55, 4, 23, 9, 21, 57, 42, 7, 27, 40, 39, 38, 8, 35, 17, 56, 36, 25, 22, 52, 59, 41, 48, 54, 6, 20, 18, 3, 19, 29, 46, 60, 13, 26, 1, 33, 15, 16, 61, 47, 11, 12, 62, 28, 64, 43, 10, 63, 44, 14, 50, 49, 31, 24, 5, 2, 34, 32, 58, 30, 45] 1912426
------------------------------------------
------------------------------------------
OPT [1, 3, 5, 15, 17, 20, 30, 35, 40, 45, 49, 51, 55, 2, 4, 6, 7, 8, 9, 10, 11, 12, 13, 14, 16, 18, 19, 21, 22, 23, 24, 25, 26, 27, 28, 29, 31, 32, 33, 34, 36, 37, 38, 39, 41, 42, 43, 44, 46, 47, 48, 50, 52, 53, 54, 56, 57, 58, 59, 60, 61, 62, 63, 64] 1855928
BEST -> 1861662.0 12.05861563682556 [1855928, 1857646, 1863794, 1863678, 1867264]
FISRT -> 1859774.8 118.41984581947327 [1855928, 1864686, 1857646, 1864686, 1855928]
RANDOM -> 1917114.4 23.372830724716188 [1872224, 1953978, 1970692, 1876252, 1912426]
