Numero de corridas  10
------------------------------------------
--> BEST - INICIAL [44, 40, 38, 60, 63, 17, 12, 29, 16, 21, 23, 15, 53, 31, 6, 24, 47, 55, 34, 45, 54, 28, 61, 25, 35, 58, 19, 41, 59, 64, 62, 11, 7, 36, 13, 48, 49, 9, 51, 3, 18, 14, 52, 30, 27, 37, 5, 1, 46, 26, 4, 42, 56, 32, 20, 33, 8, 57, 22, 43, 10, 2, 39, 50] 2783454
OPTIMO LOCAL - iter 54
--- 14.66208267211914 seconds ---
SOL [1, 3, 35, 50, 63, 25, 19, 37, 48, 13, 31, 15, 53, 23, 45, 24, 16, 47, 33, 38, 54, 28, 61, 6, 44, 34, 12, 41, 60, 55, 62, 11, 7, 36, 21, 40, 58, 2, 59, 4, 18, 14, 52, 30, 27, 29, 64, 9, 46, 26, 5, 51, 56, 32, 20, 17, 8, 49, 22, 43, 10, 57, 39, 42] 1857646

--> FIRST - INICIAL [44, 40, 38, 60, 63, 17, 12, 29, 16, 21, 23, 15, 53, 31, 6, 24, 47, 55, 34, 45, 54, 28, 61, 25, 35, 58, 19, 41, 59, 64, 62, 11, 7, 36, 13, 48, 49, 9, 51, 3, 18, 14, 52, 30, 27, 37, 5, 1, 46, 26, 4, 42, 56, 32, 20, 33, 8, 57, 22, 43, 10, 2, 39, 50] 2783454
OPTIMO LOCAL - iter 28
--- 61.375062465667725 seconds ---
SOL [51, 40, 46, 61, 63, 18, 12, 36, 16, 22, 2, 34, 49, 31, 6, 24, 47, 55, 27, 45, 54, 29, 60, 25, 35, 58, 19, 41, 59, 64, 62, 11, 7, 28, 13, 48, 50, 9, 44, 3, 17, 14, 52, 30, 56, 37, 5, 1, 38, 26, 4, 42, 57, 32, 20, 33, 8, 10, 23, 43, 53, 15, 39, 21] 1864686

--> RANDOM - INICIAL [44, 40, 38, 60, 63, 17, 12, 29, 16, 21, 23, 15, 53, 31, 6, 24, 47, 55, 34, 45, 54, 28, 61, 25, 35, 58, 19, 41, 59, 64, 62, 11, 7, 36, 13, 48, 49, 9, 51, 3, 18, 14, 52, 30, 27, 37, 5, 1, 46, 26, 4, 42, 56, 32, 20, 33, 8, 57, 22, 43, 10, 2, 39, 50] 2783454
OPTIMO LOCAL - iter 11
--- 10.593428373336792 seconds ---
SOL [53, 40, 38, 42, 55, 17, 27, 5, 51, 21, 23, 2, 64, 31, 6, 24, 47, 63, 34, 45, 54, 28, 61, 25, 35, 58, 16, 41, 59, 62, 44, 11, 7, 36, 13, 48, 49, 9, 15, 3, 18, 14, 52, 30, 12, 37, 29, 1, 46, 26, 4, 60, 56, 32, 20, 33, 8, 57, 22, 43, 10, 19, 39, 50] 1945986
------------------------------------------
------------------------------------------
--> BEST - INICIAL [11, 64, 48, 19, 41, 30, 57, 53, 4, 17, 24, 31, 40, 28, 46, 47, 20, 55, 29, 58, 21, 52, 16, 6, 60, 23, 39, 26, 42, 56, 38, 32, 9, 13, 22, 50, 3, 35, 5, 54, 18, 37, 10, 62, 7, 2, 27, 43, 34, 1, 51, 8, 14, 44, 15, 59, 36, 49, 63, 61, 33, 12, 45, 25] 3036436
OPTIMO LOCAL - iter 60
--- 15.777371406555176 seconds ---
SOL [6, 36, 21, 18, 58, 34, 64, 52, 4, 46, 16, 31, 48, 30, 57, 11, 20, 40, 29, 2, 17, 53, 24, 14, 60, 23, 39, 26, 55, 47, 38, 32, 9, 41, 22, 50, 3, 28, 5, 54, 19, 37, 10, 62, 7, 51, 27, 56, 35, 1, 42, 8, 13, 44, 15, 59, 43, 49, 63, 61, 33, 12, 45, 25] 1857646

--> FIRST - INICIAL [11, 64, 48, 19, 41, 30, 57, 53, 4, 17, 24, 31, 40, 28, 46, 47, 20, 55, 29, 58, 21, 52, 16, 6, 60, 23, 39, 26, 42, 56, 38, 32, 9, 13, 22, 50, 3, 35, 5, 54, 18, 37, 10, 62, 7, 2, 27, 43, 34, 1, 51, 8, 14, 44, 15, 59, 36, 49, 63, 61, 33, 12, 45, 25] 3036436
OPTIMO LOCAL - iter 47
--- 104.90386271476746 seconds ---
SOL [11, 64, 48, 60, 25, 31, 50, 54, 6, 21, 9, 35, 37, 28, 46, 47, 20, 55, 29, 32, 16, 52, 23, 14, 4, 15, 39, 26, 42, 56, 38, 33, 17, 13, 22, 58, 3, 43, 5, 53, 18, 36, 10, 62, 7, 2, 27, 51, 34, 1, 19, 8, 59, 44, 57, 63, 45, 49, 61, 24, 41, 12, 30, 40] 1863794

--> RANDOM - INICIAL [11, 64, 48, 19, 41, 30, 57, 53, 4, 17, 24, 31, 40, 28, 46, 47, 20, 55, 29, 58, 21, 52, 16, 6, 60, 23, 39, 26, 42, 56, 38, 32, 9, 13, 22, 50, 3, 35, 5, 54, 18, 37, 10, 62, 7, 2, 27, 43, 34, 1, 51, 8, 14, 44, 15, 59, 36, 49, 63, 61, 33, 12, 45, 25] 3036436
OPTIMO LOCAL - iter 18
--- 16.025174379348755 seconds ---
SOL [10, 57, 63, 13, 41, 30, 59, 61, 47, 24, 44, 28, 26, 34, 48, 8, 20, 55, 29, 58, 21, 52, 16, 6, 60, 23, 39, 40, 42, 56, 31, 32, 9, 19, 22, 50, 3, 35, 5, 54, 18, 37, 11, 46, 7, 64, 27, 43, 38, 1, 51, 2, 14, 17, 15, 4, 36, 49, 62, 53, 33, 12, 45, 25] 1865972
------------------------------------------
------------------------------------------
--> BEST - INICIAL [27, 24, 29, 13, 51, 8, 17, 62, 38, 23, 30, 1, 59, 33, 54, 39, 40, 53, 42, 41, 21, 4, 60, 18, 6, 32, 57, 64, 2, 28, 49, 11, 55, 7, 36, 56, 43, 12, 48, 20, 9, 47, 31, 63, 22, 16, 15, 14, 44, 58, 34, 26, 45, 52, 25, 37, 61, 50, 19, 10, 5, 3, 46, 35] 2948198
OPTIMO LOCAL - iter 49
--- 10.909252882003784 seconds ---
SOL [56, 11, 42, 28, 44, 40, 17, 5, 54, 15, 30, 1, 59, 24, 38, 39, 29, 51, 34, 41, 8, 13, 60, 18, 62, 32, 57, 64, 2, 12, 21, 4, 49, 7, 53, 55, 43, 19, 33, 20, 9, 47, 31, 63, 22, 16, 23, 14, 36, 58, 48, 26, 45, 52, 25, 37, 61, 50, 27, 10, 6, 3, 46, 35] 1863794

--> FIRST - INICIAL [27, 24, 29, 13, 51, 8, 17, 62, 38, 23, 30, 1, 59, 33, 54, 39, 40, 53, 42, 41, 21, 4, 60, 18, 6, 32, 57, 64, 2, 28, 49, 11, 55, 7, 36, 56, 43, 12, 48, 20, 9, 47, 31, 63, 22, 16, 15, 14, 44, 58, 34, 26, 45, 52, 25, 37, 61, 50, 19, 10, 5, 3, 46, 35] 2948198
OPTIMO LOCAL - iter 35
--- 77.6629958152771 seconds ---
SOL [27, 24, 29, 14, 51, 8, 10, 62, 39, 33, 49, 4, 45, 48, 54, 47, 34, 44, 42, 53, 21, 3, 60, 18, 6, 32, 57, 64, 2, 28, 56, 11, 55, 7, 36, 41, 43, 12, 58, 20, 9, 40, 31, 63, 22, 16, 15, 13, 38, 17, 52, 26, 50, 46, 25, 37, 61, 35, 19, 59, 5, 1, 23, 30] 1863794

--> RANDOM - INICIAL [27, 24, 29, 13, 51, 8, 17, 62, 38, 23, 30, 1, 59, 33, 54, 39, 40, 53, 42, 41, 21, 4, 60, 18, 6, 32, 57, 64, 2, 28, 49, 11, 55, 7, 36, 56, 43, 12, 48, 20, 9, 47, 31, 63, 22, 16, 15, 14, 44, 58, 34, 26, 45, 52, 25, 37, 61, 50, 19, 10, 5, 3, 46, 35] 2948198
OPTIMO LOCAL - iter 15
--- 15.079698085784912 seconds ---
SOL [45, 35, 29, 12, 50, 56, 25, 62, 39, 23, 60, 10, 8, 33, 54, 38, 40, 53, 42, 30, 21, 4, 41, 18, 6, 32, 57, 64, 2, 28, 49, 11, 55, 7, 36, 1, 43, 13, 59, 20, 9, 47, 31, 63, 22, 16, 15, 14, 44, 48, 34, 26, 27, 52, 17, 37, 61, 58, 19, 51, 5, 3, 46, 24] 1863794
------------------------------------------
------------------------------------------
--> BEST - INICIAL [19, 55, 12, 57, 53, 7, 35, 4, 33, 54, 58, 40, 8, 38, 13, 5, 46, 25, 60, 64, 51, 42, 59, 24, 52, 63, 26, 11, 27, 17, 47, 44, 48, 41, 32, 10, 18, 14, 9, 50, 36, 1, 29, 49, 30, 20, 31, 34, 6, 16, 62, 2, 23, 22, 43, 21, 61, 28, 37, 15, 45, 56, 3, 39] 2869832
OPTIMO LOCAL - iter 53
--- 11.673066854476929 seconds ---
SOL [37, 20, 10, 5, 23, 52, 35, 41, 25, 55, 58, 39, 8, 57, 12, 54, 46, 33, 60, 64, 6, 53, 59, 30, 42, 7, 26, 11, 27, 21, 47, 44, 48, 56, 32, 19, 18, 14, 9, 50, 36, 1, 17, 63, 29, 13, 31, 34, 51, 16, 62, 2, 24, 49, 43, 22, 61, 28, 38, 15, 45, 4, 3, 40] 1864686

--> FIRST - INICIAL [19, 55, 12, 57, 53, 7, 35, 4, 33, 54, 58, 40, 8, 38, 13, 5, 46, 25, 60, 64, 51, 42, 59, 24, 52, 63, 26, 11, 27, 17, 47, 44, 48, 41, 32, 10, 18, 14, 9, 50, 36, 1, 29, 49, 30, 20, 31, 34, 6, 16, 62, 2, 23, 22, 43, 21, 61, 28, 37, 15, 45, 56, 3, 39] 2869832
OPTIMO LOCAL - iter 32
--- 72.45543599128723 seconds ---
SOL [19, 55, 4, 49, 53, 7, 36, 2, 34, 22, 39, 51, 24, 38, 13, 5, 46, 25, 60, 64, 50, 42, 59, 23, 52, 63, 26, 11, 27, 17, 47, 44, 48, 41, 32, 10, 18, 14, 9, 3, 35, 1, 37, 57, 29, 20, 31, 33, 6, 16, 62, 30, 21, 28, 43, 58, 61, 40, 15, 45, 56, 8, 12, 54] 1858710

--> RANDOM - INICIAL [19, 55, 12, 57, 53, 7, 35, 4, 33, 54, 58, 40, 8, 38, 13, 5, 46, 25, 60, 64, 51, 42, 59, 24, 52, 63, 26, 11, 27, 17, 47, 44, 48, 41, 32, 10, 18, 14, 9, 50, 36, 1, 29, 49, 30, 20, 31, 34, 6, 16, 62, 2, 23, 22, 43, 21, 61, 28, 37, 15, 45, 56, 3, 39] 2869832
OPTIMO LOCAL - iter 25
--- 23.61186146736145 seconds ---
SOL [19, 64, 9, 58, 47, 21, 43, 4, 32, 53, 15, 41, 37, 35, 13, 5, 46, 40, 60, 31, 51, 42, 59, 24, 52, 63, 26, 11, 27, 17, 38, 44, 55, 48, 33, 10, 18, 61, 12, 49, 36, 1, 29, 57, 30, 20, 2, 34, 6, 16, 54, 25, 23, 22, 50, 7, 62, 28, 45, 14, 8, 56, 3, 39] 1873908
------------------------------------------
------------------------------------------
--> BEST - INICIAL [48, 13, 25, 46, 42, 3, 24, 26, 22, 32, 64, 37, 57, 38, 4, 34, 59, 45, 21, 53, 31, 6, 14, 50, 62, 19, 47, 20, 11, 5, 18, 10, 41, 40, 12, 29, 51, 30, 63, 60, 17, 36, 56, 16, 7, 54, 49, 61, 15, 8, 35, 27, 23, 55, 28, 2, 44, 1, 33, 52, 58, 43, 9, 39] 2669524
OPTIMO LOCAL - iter 21
--- 5.874517440795898 seconds ---
SOL [52, 20, 16, 47, 42, 5, 3, 26, 22, 32, 63, 37, 57, 25, 38, 34, 59, 45, 21, 10, 31, 62, 14, 50, 53, 19, 46, 13, 11, 4, 18, 24, 41, 40, 12, 29, 48, 30, 64, 61, 17, 36, 56, 6, 7, 54, 49, 51, 15, 8, 35, 27, 23, 55, 28, 2, 44, 1, 33, 60, 58, 43, 9, 39] 1863794

--> FIRST - INICIAL [48, 13, 25, 46, 42, 3, 24, 26, 22, 32, 64, 37, 57, 38, 4, 34, 59, 45, 21, 53, 31, 6, 14, 50, 62, 19, 47, 20, 11, 5, 18, 10, 41, 40, 12, 29, 51, 30, 63, 60, 17, 36, 56, 16, 7, 54, 49, 61, 15, 8, 35, 27, 23, 55, 28, 2, 44, 1, 33, 52, 58, 43, 9, 39] 2669524
OPTIMO LOCAL - iter 27
--- 64.42381048202515 seconds ---
SOL [48, 13, 25, 46, 42, 59, 9, 19, 30, 57, 7, 61, 36, 38, 4, 34, 3, 45, 21, 53, 31, 6, 14, 50, 62, 27, 47, 20, 11, 5, 18, 10, 41, 40, 12, 29, 51, 22, 63, 60, 17, 52, 56, 16, 8, 54, 49, 24, 15, 35, 43, 28, 23, 55, 37, 2, 26, 1, 33, 58, 64, 44, 39, 32] 1863678

--> RANDOM - INICIAL [48, 13, 25, 46, 42, 3, 24, 26, 22, 32, 64, 37, 57, 38, 4, 34, 59, 45, 21, 53, 31, 6, 14, 50, 62, 19, 47, 20, 11, 5, 18, 10, 41, 40, 12, 29, 51, 30, 63, 60, 17, 36, 56, 16, 7, 54, 49, 61, 15, 8, 35, 27, 23, 55, 28, 2, 44, 1, 33, 52, 58, 43, 9, 39] 2669524
OPTIMO LOCAL - iter 13
--- 12.589998960494995 seconds ---
SOL [51, 63, 61, 46, 42, 2, 12, 26, 22, 32, 16, 36, 48, 38, 4, 34, 59, 45, 21, 53, 25, 6, 14, 50, 62, 19, 47, 20, 24, 31, 18, 10, 41, 40, 11, 29, 56, 30, 7, 60, 17, 37, 57, 64, 13, 54, 49, 5, 15, 8, 35, 27, 23, 55, 28, 3, 44, 1, 33, 52, 58, 43, 9, 39] 1903866
------------------------------------------
------------------------------------------
--> BEST - INICIAL [12, 24, 40, 33, 50, 18, 43, 9, 34, 41, 11, 1, 39, 25, 17, 4, 54, 13, 5, 36, 49, 53, 23, 19, 47, 29, 22, 15, 48, 3, 59, 32, 2, 8, 52, 10, 60, 16, 45, 58, 42, 7, 51, 38, 56, 35, 55, 6, 28, 37, 20, 14, 30, 31, 27, 61, 21, 62, 44, 57, 46, 64, 63, 26] 3548844
OPTIMO LOCAL - iter 47
--- 10.091604471206665 seconds ---
SOL [53, 55, 6, 21, 59, 23, 36, 17, 34, 49, 11, 1, 39, 33, 9, 40, 12, 18, 50, 43, 41, 62, 25, 19, 47, 14, 24, 15, 48, 3, 4, 32, 2, 8, 52, 10, 60, 16, 37, 58, 42, 7, 51, 38, 56, 35, 54, 5, 28, 29, 20, 13, 30, 31, 27, 45, 22, 61, 44, 57, 46, 64, 63, 26] 1860348

--> FIRST - INICIAL [12, 24, 40, 33, 50, 18, 43, 9, 34, 41, 11, 1, 39, 25, 17, 4, 54, 13, 5, 36, 49, 53, 23, 19, 47, 29, 22, 15, 48, 3, 59, 32, 2, 8, 52, 10, 60, 16, 45, 58, 42, 7, 51, 38, 56, 35, 55, 6, 28, 37, 20, 14, 30, 31, 27, 61, 21, 62, 44, 57, 46, 64, 63, 26] 3548844
OPTIMO LOCAL - iter 48
--- 111.60204029083252 seconds ---
SOL [12, 24, 40, 34, 49, 18, 44, 1, 63, 14, 29, 46, 60, 25, 17, 4, 7, 13, 5, 36, 50, 53, 23, 19, 47, 37, 22, 15, 48, 3, 59, 32, 2, 8, 52, 10, 61, 16, 45, 58, 42, 56, 51, 38, 64, 35, 55, 57, 28, 6, 20, 21, 30, 31, 27, 62, 54, 9, 43, 11, 39, 26, 41, 33] 1866842

--> RANDOM - INICIAL [12, 24, 40, 33, 50, 18, 43, 9, 34, 41, 11, 1, 39, 25, 17, 4, 54, 13, 5, 36, 49, 53, 23, 19, 47, 29, 22, 15, 48, 3, 59, 32, 2, 8, 52, 10, 60, 16, 45, 58, 42, 7, 51, 38, 56, 35, 55, 6, 28, 37, 20, 14, 30, 31, 27, 61, 21, 62, 44, 57, 46, 64, 63, 26] 3548844
OPTIMO LOCAL - iter 18
--- 16.95678400993347 seconds ---
SOL [3, 48, 21, 36, 50, 18, 38, 23, 34, 1, 6, 54, 52, 25, 17, 4, 9, 13, 11, 60, 49, 53, 30, 19, 47, 29, 22, 15, 24, 40, 59, 32, 2, 14, 39, 10, 33, 16, 45, 58, 42, 7, 51, 8, 56, 35, 55, 5, 28, 37, 20, 43, 57, 31, 27, 61, 12, 62, 44, 41, 46, 64, 63, 26] 1878796
------------------------------------------
------------------------------------------
--> BEST - INICIAL [60, 41, 50, 59, 16, 1, 44, 64, 42, 2, 22, 55, 38, 8, 25, 27, 26, 36, 39, 12, 13, 61, 6, 28, 48, 46, 35, 45, 29, 17, 3, 9, 47, 10, 14, 23, 51, 18, 57, 40, 49, 20, 37, 19, 5, 54, 30, 33, 21, 11, 7, 24, 63, 15, 53, 4, 34, 58, 43, 32, 62, 52, 56, 31] 2994472
OPTIMO LOCAL - iter 28
--- 6.5411458015441895 seconds ---
SOL [6, 20, 40, 60, 26, 16, 44, 57, 42, 10, 22, 55, 38, 1, 50, 59, 41, 36, 39, 27, 13, 61, 5, 8, 48, 46, 35, 45, 29, 17, 3, 9, 47, 2, 14, 23, 51, 18, 64, 32, 49, 28, 37, 19, 12, 54, 30, 33, 21, 11, 7, 24, 63, 15, 53, 4, 34, 58, 43, 25, 62, 52, 56, 31] 1857646

--> FIRST - INICIAL [60, 41, 50, 59, 16, 1, 44, 64, 42, 2, 22, 55, 38, 8, 25, 27, 26, 36, 39, 12, 13, 61, 6, 28, 48, 46, 35, 45, 29, 17, 3, 9, 47, 10, 14, 23, 51, 18, 57, 40, 49, 20, 37, 19, 5, 54, 30, 33, 21, 11, 7, 24, 63, 15, 53, 4, 34, 58, 43, 32, 62, 52, 56, 31] 2994472
OPTIMO LOCAL - iter 55
--- 125.04610776901245 seconds ---
SOL [60, 41, 58, 10, 16, 64, 44, 62, 31, 28, 13, 46, 26, 8, 25, 19, 29, 36, 38, 12, 21, 61, 6, 7, 48, 47, 35, 45, 11, 17, 3, 9, 54, 1, 14, 23, 51, 18, 57, 40, 49, 20, 37, 27, 5, 32, 30, 33, 22, 55, 63, 24, 56, 15, 53, 4, 34, 50, 43, 39, 2, 52, 59, 42] 1864238

--> RANDOM - INICIAL [60, 41, 50, 59, 16, 1, 44, 64, 42, 2, 22, 55, 38, 8, 25, 27, 26, 36, 39, 12, 13, 61, 6, 28, 48, 46, 35, 45, 29, 17, 3, 9, 47, 10, 14, 23, 51, 18, 57, 40, 49, 20, 37, 19, 5, 54, 30, 33, 21, 11, 7, 24, 63, 15, 53, 4, 34, 58, 43, 32, 62, 52, 56, 31] 2994472
OPTIMO LOCAL - iter 18
--- 16.834523677825928 seconds ---
SOL [60, 46, 29, 62, 27, 33, 44, 64, 31, 10, 13, 50, 16, 8, 25, 17, 26, 36, 39, 12, 22, 61, 6, 28, 11, 7, 35, 45, 20, 38, 3, 9, 47, 2, 14, 23, 51, 18, 57, 40, 49, 42, 37, 19, 5, 54, 30, 1, 21, 55, 41, 24, 63, 15, 53, 4, 34, 58, 43, 32, 59, 52, 56, 48] 1870438
------------------------------------------
------------------------------------------
--> BEST - INICIAL [29, 14, 23, 16, 26, 15, 1, 9, 50, 21, 51, 41, 62, 2, 24, 19, 8, 43, 59, 3, 6, 25, 42, 5, 55, 31, 63, 36, 56, 10, 20, 18, 4, 45, 30, 17, 39, 49, 12, 40, 33, 61, 11, 7, 13, 52, 58, 35, 22, 46, 38, 44, 48, 57, 27, 32, 28, 47, 64, 53, 37, 34, 54, 60] 3289464
--- 8.662058115005493 seconds ---
SOL [45, 4, 47, 25, 27, 31, 57, 10, 15, 21, 51, 41, 62, 50, 16, 1, 8, 43, 14, 59, 6, 2, 42, 5, 29, 55, 63, 24, 56, 9, 20, 18, 3, 37, 23, 17, 30, 49, 12, 40, 33, 61, 11, 7, 13, 52, 58, 35, 22, 36, 46, 44, 48, 64, 26, 32, 19, 39, 28, 53, 38, 34, 54, 60] 1855928

--> FIRST - INICIAL [29, 14, 23, 16, 26, 15, 1, 9, 50, 21, 51, 41, 62, 2, 24, 19, 8, 43, 59, 3, 6, 25, 42, 5, 55, 31, 63, 36, 56, 10, 20, 18, 4, 45, 30, 17, 39, 49, 12, 40, 33, 61, 11, 7, 13, 52, 58, 35, 22, 46, 38, 44, 48, 57, 27, 32, 28, 47, 64, 53, 37, 34, 54, 60] 3289464
OPTIMO LOCAL - iter 48
--- 110.1859610080719 seconds ---
SOL [29, 6, 23, 12, 26, 54, 64, 58, 44, 60, 9, 41, 39, 2, 24, 19, 8, 43, 59, 3, 13, 25, 42, 5, 55, 31, 63, 36, 56, 11, 16, 18, 4, 35, 30, 17, 40, 49, 20, 47, 33, 62, 61, 7, 14, 52, 51, 57, 22, 45, 38, 53, 46, 1, 27, 32, 28, 48, 34, 10, 37, 50, 21, 15] 1864686

--> RANDOM - INICIAL [29, 14, 23, 16, 26, 15, 1, 9, 50, 21, 51, 41, 62, 2, 24, 19, 8, 43, 59, 3, 6, 25, 42, 5, 55, 31, 63, 36, 56, 10, 20, 18, 4, 45, 30, 17, 39, 49, 12, 40, 33, 61, 11, 7, 13, 52, 58, 35, 22, 46, 38, 44, 48, 57, 27, 32, 28, 47, 64, 53, 37, 34, 54, 60] 3289464
OPTIMO LOCAL - iter 21
--- 19.812865495681763 seconds ---
SOL [56, 25, 4, 38, 10, 8, 58, 27, 23, 21, 42, 44, 62, 1, 50, 9, 49, 43, 59, 3, 6, 40, 14, 5, 55, 31, 63, 36, 29, 17, 20, 18, 30, 45, 24, 26, 39, 15, 12, 51, 33, 61, 11, 7, 13, 52, 2, 35, 22, 37, 46, 41, 48, 57, 19, 32, 28, 47, 64, 53, 16, 34, 54, 60] 1868492
------------------------------------------
------------------------------------------
--> BEST - INICIAL [26, 37, 36, 10, 24, 21, 16, 54, 41, 15, 28, 64, 30, 53, 48, 6, 12, 8, 44, 25, 17, 60, 51, 33, 32, 45, 49, 22, 31, 14, 39, 1, 13, 42, 19, 43, 18, 40, 4, 29, 7, 58, 35, 56, 9, 5, 61, 59, 52, 63, 47, 2, 3, 23, 34, 38, 20, 57, 62, 55, 27, 50, 46, 11] 2875474
OPTIMO LOCAL - iter 54
--- 11.289046287536621 seconds ---
SOL [5, 9, 44, 11, 27, 59, 32, 54, 41, 15, 21, 64, 38, 36, 16, 53, 48, 8, 37, 25, 17, 4, 28, 33, 24, 6, 49, 22, 31, 14, 39, 1, 13, 42, 19, 43, 18, 40, 58, 29, 7, 51, 35, 56, 45, 60, 61, 12, 52, 63, 47, 2, 3, 23, 34, 30, 20, 57, 62, 55, 26, 50, 46, 10] 1864686

--> FIRST - INICIAL [26, 37, 36, 10, 24, 21, 16, 54, 41, 15, 28, 64, 30, 53, 48, 6, 12, 8, 44, 25, 17, 60, 51, 33, 32, 45, 49, 22, 31, 14, 39, 1, 13, 42, 19, 43, 18, 40, 4, 29, 7, 58, 35, 56, 9, 5, 61, 59, 52, 63, 47, 2, 3, 23, 34, 38, 20, 57, 62, 55, 27, 50, 46, 11] 2875474
OPTIMO LOCAL - iter 26
--- 61.957592725753784 seconds ---
SOL [26, 37, 20, 10, 31, 14, 16, 62, 41, 47, 57, 51, 4, 53, 48, 6, 12, 8, 44, 25, 17, 59, 58, 33, 32, 45, 49, 22, 24, 21, 39, 1, 13, 42, 19, 43, 18, 40, 60, 29, 7, 64, 35, 56, 9, 5, 61, 52, 3, 63, 30, 2, 50, 23, 34, 38, 28, 55, 54, 46, 27, 11, 15, 36] 1874786

--> RANDOM - INICIAL [26, 37, 36, 10, 24, 21, 16, 54, 41, 15, 28, 64, 30, 53, 48, 6, 12, 8, 44, 25, 17, 60, 51, 33, 32, 45, 49, 22, 31, 14, 39, 1, 13, 42, 19, 43, 18, 40, 4, 29, 7, 58, 35, 56, 9, 5, 61, 59, 52, 63, 47, 2, 3, 23, 34, 38, 20, 57, 62, 55, 27, 50, 46, 11] 2875474
OPTIMO LOCAL - iter 21
--- 22.423285961151123 seconds ---
SOL [26, 42, 4, 10, 32, 58, 56, 20, 52, 46, 30, 62, 15, 53, 48, 6, 12, 23, 44, 25, 17, 41, 51, 33, 24, 45, 49, 22, 31, 3, 14, 1, 13, 16, 19, 43, 18, 40, 36, 29, 7, 8, 35, 37, 9, 5, 61, 59, 60, 63, 39, 2, 57, 21, 34, 38, 28, 54, 64, 55, 27, 50, 47, 11] 1879228
------------------------------------------
------------------------------------------
--> BEST - INICIAL [50, 60, 58, 61, 53, 48, 7, 23, 16, 15, 35, 33, 22, 2, 34, 29, 1, 4, 20, 57, 31, 38, 27, 28, 39, 14, 55, 12, 6, 59, 21, 17, 11, 13, 41, 40, 45, 56, 62, 19, 8, 9, 43, 24, 44, 52, 42, 25, 10, 3, 37, 30, 36, 64, 51, 47, 49, 18, 63, 54, 26, 46, 32, 5] 3207020
OPTIMO LOCAL - iter 60
--- 17.26900553703308 seconds ---
SOL [39, 3, 17, 20, 51, 55, 57, 45, 5, 7, 35, 33, 22, 23, 34, 15, 61, 64, 29, 1, 49, 60, 27, 28, 31, 14, 48, 4, 16, 59, 21, 38, 19, 13, 41, 40, 53, 56, 62, 11, 8, 9, 43, 24, 44, 52, 42, 25, 10, 2, 37, 30, 36, 12, 58, 47, 50, 18, 63, 54, 26, 46, 32, 6] 1859480

--> FIRST - INICIAL [50, 60, 58, 61, 53, 48, 7, 23, 16, 15, 35, 33, 22, 2, 34, 29, 1, 4, 20, 57, 31, 38, 27, 28, 39, 14, 55, 12, 6, 59, 21, 17, 11, 13, 41, 40, 45, 56, 62, 19, 8, 9, 43, 24, 44, 52, 42, 25, 10, 3, 37, 30, 36, 64, 51, 47, 49, 18, 63, 54, 26, 46, 32, 5] 3207020
OPTIMO LOCAL - iter 48
--- 112.2944061756134 seconds ---
SOL [50, 60, 15, 62, 32, 48, 64, 30, 10, 36, 26, 12, 46, 2, 44, 27, 1, 4, 21, 57, 31, 37, 39, 28, 19, 14, 55, 11, 5, 59, 29, 17, 20, 13, 41, 40, 45, 56, 6, 18, 8, 9, 43, 24, 35, 52, 42, 34, 63, 3, 33, 22, 38, 16, 51, 47, 49, 23, 7, 54, 25, 53, 61, 58] 1864444

--> RANDOM - INICIAL [50, 60, 58, 61, 53, 48, 7, 23, 16, 15, 35, 33, 22, 2, 34, 29, 1, 4, 20, 57, 31, 38, 27, 28, 39, 14, 55, 12, 6, 59, 21, 17, 11, 13, 41, 40, 45, 56, 62, 19, 8, 9, 43, 24, 44, 52, 42, 25, 10, 3, 37, 30, 36, 64, 51, 47, 49, 18, 63, 54, 26, 46, 32, 5] 3207020
OPTIMO LOCAL - iter 15
--- 14.556209564208984 seconds ---
SOL [38, 55, 58, 6, 60, 40, 16, 42, 10, 26, 20, 44, 22, 2, 34, 29, 1, 4, 35, 57, 31, 50, 27, 28, 39, 14, 53, 12, 37, 59, 21, 33, 11, 13, 41, 48, 45, 56, 62, 19, 8, 9, 43, 7, 17, 52, 49, 25, 24, 3, 61, 30, 36, 64, 51, 47, 23, 18, 63, 54, 15, 46, 32, 5] 1865972
------------------------------------------
------------------------------------------
OPT [1, 3, 5, 15, 17, 20, 30, 35, 40, 45, 49, 51, 55, 2, 4, 6, 7, 8, 9, 10, 11, 12, 13, 14, 16, 18, 19, 21, 22, 23, 24, 25, 26, 27, 28, 29, 31, 32, 33, 34, 36, 37, 38, 39, 41, 42, 43, 44, 46, 47, 48, 50, 52, 53, 54, 56, 57, 58, 59, 60, 61, 62, 63, 64] 1855928
BEST -> 1860565.4 11.274915146827698 [1857646, 1857646, 1863794, 1864686, 1863794, 1860348, 1857646, 1855928, 1864686, 1859480]
FISRT -> 1864965.8 90.19072754383087 [1864686, 1863794, 1863794, 1858710, 1863678, 1866842, 1864238, 1864686, 1874786, 1864444]
RANDOM -> 1881645.2 16.848382997512818 [1945986, 1865972, 1863794, 1873908, 1903866, 1878796, 1870438, 1868492, 1879228, 1865972]
