------------------------------------------
--> BEST - INICIAL [43, 54, 6, 45, 20, 26, 25, 35, 19, 39, 46, 53, 18, 38, 11, 32, 50, 33, 23, 44, 58, 34, 55, 59, 30, 31, 28, 57, 52, 2, 22, 14, 12, 60, 8, 9, 3, 17, 27, 21, 24, 4, 51, 7, 10, 15, 48, 13, 42, 16, 41, 49, 40, 47, 56, 36, 29, 5, 1, 37] 8487746
OPTIMO LOCAL - iter 135
--- 33.03269648551941 seconds ---
SOL [13, 5, 58, 44, 19, 9, 55, 1, 36, 12, 47, 53, 33, 17, 59, 10, 50, 25, 23, 37, 57, 49, 35, 6, 7, 51, 28, 32, 34, 2, 22, 18, 39, 26, 8, 24, 56, 14, 48, 54, 41, 30, 38, 45, 60, 15, 52, 20, 42, 16, 31, 21, 40, 46, 4, 3, 29, 27, 11, 43] 7489114

--> FIRST - INICIAL [43, 54, 6, 45, 20, 26, 25, 35, 19, 39, 46, 53, 18, 38, 11, 32, 50, 33, 23, 44, 58, 34, 55, 59, 30, 31, 28, 57, 52, 2, 22, 14, 12, 60, 8, 9, 3, 17, 27, 21, 24, 4, 51, 7, 10, 15, 48, 13, 42, 16, 41, 49, 40, 47, 56, 36, 29, 5, 1, 37] 8487746
OPTIMO LOCAL - iter 161
--- 277.65268421173096 seconds ---
SOL [43, 54, 6, 45, 23, 26, 46, 35, 19, 20, 48, 4, 25, 40, 5, 57, 50, 33, 22, 10, 7, 15, 28, 16, 30, 29, 34, 13, 42, 60, 3, 47, 17, 2, 18, 37, 56, 52, 27, 39, 36, 44, 49, 14, 21, 59, 55, 53, 24, 9, 38, 32, 41, 51, 11, 8, 31, 12, 58, 1] 7483748

--> RANDOM - INICIAL [43, 54, 6, 45, 20, 26, 25, 35, 19, 39, 46, 53, 18, 38, 11, 32, 50, 33, 23, 44, 58, 34, 55, 59, 30, 31, 28, 57, 52, 2, 22, 14, 12, 60, 8, 9, 3, 17, 27, 21, 24, 4, 51, 7, 10, 15, 48, 13, 42, 16, 41, 49, 40, 47, 56, 36, 29, 5, 1, 37] 8487746
OPTIMO LOCAL - iter 78
--- 54.5216166973114 seconds ---
SOL [31, 12, 35, 45, 56, 58, 42, 25, 19, 29, 33, 53, 47, 2, 57, 11, 43, 16, 40, 39, 4, 49, 1, 26, 21, 14, 28, 13, 18, 59, 34, 51, 54, 60, 8, 9, 3, 20, 27, 52, 24, 37, 36, 48, 17, 15, 6, 41, 32, 5, 22, 38, 23, 46, 55, 10, 50, 30, 44, 7] 7531184
------------------------------------------
------------------------------------------
--> BEST - INICIAL [1, 53, 40, 50, 57, 25, 26, 3, 17, 20, 48, 21, 42, 60, 36, 54, 46, 27, 37, 11, 35, 31, 41, 29, 19, 55, 23, 33, 44, 15, 38, 52, 34, 47, 51, 39, 14, 59, 32, 7, 22, 28, 6, 49, 45, 8, 30, 9, 5, 10, 43, 24, 13, 18, 2, 16, 56, 58, 4, 12] 8431042
OPTIMO LOCAL - iter 138
--- 33.08172392845154 seconds ---
SOL [32, 57, 5, 42, 44, 6, 14, 19, 26, 46, 13, 8, 31, 60, 27, 7, 25, 48, 49, 29, 35, 3, 11, 17, 33, 2, 34, 28, 54, 15, 36, 52, 30, 4, 37, 58, 38, 47, 40, 56, 59, 53, 12, 10, 45, 41, 51, 9, 21, 55, 24, 1, 23, 18, 22, 16, 20, 43, 39, 50] 7500820

--> FIRST - INICIAL [1, 53, 40, 50, 57, 25, 26, 3, 17, 20, 48, 21, 42, 60, 36, 54, 46, 27, 37, 11, 35, 31, 41, 29, 19, 55, 23, 33, 44, 15, 38, 52, 34, 47, 51, 39, 14, 59, 32, 7, 22, 28, 6, 49, 45, 8, 30, 9, 5, 10, 43, 24, 13, 18, 2, 16, 56, 58, 4, 12] 8431042
OPTIMO LOCAL - iter 180
--- 313.2271468639374 seconds ---
SOL [14, 30, 44, 50, 26, 22, 24, 38, 8, 41, 48, 21, 57, 60, 36, 49, 4, 39, 37, 35, 11, 19, 33, 1, 10, 45, 2, 43, 9, 58, 46, 17, 12, 54, 6, 25, 59, 34, 32, 29, 13, 51, 56, 16, 31, 55, 5, 47, 18, 52, 15, 23, 40, 28, 53, 3, 20, 7, 42, 27] 7534474

--> RANDOM - INICIAL [1, 53, 40, 50, 57, 25, 26, 3, 17, 20, 48, 21, 42, 60, 36, 54, 46, 27, 37, 11, 35, 31, 41, 29, 19, 55, 23, 33, 44, 15, 38, 52, 34, 47, 51, 39, 14, 59, 32, 7, 22, 28, 6, 49, 45, 8, 30, 9, 5, 10, 43, 24, 13, 18, 2, 16, 56, 58, 4, 12] 8431042
OPTIMO LOCAL - iter 87
--- 60.299293518066406 seconds ---
SOL [18, 37, 53, 54, 60, 39, 45, 31, 55, 40, 16, 10, 56, 32, 12, 26, 47, 9, 7, 42, 49, 48, 21, 43, 33, 19, 52, 1, 44, 27, 24, 23, 20, 3, 50, 46, 8, 2, 11, 6, 34, 30, 38, 41, 58, 35, 22, 29, 4, 5, 14, 57, 17, 51, 13, 15, 59, 28, 25, 36] 7548862
------------------------------------------
------------------------------------------
--> BEST - INICIAL [23, 56, 55, 40, 37, 43, 57, 3, 18, 35, 52, 7, 42, 44, 8, 13, 30, 6, 49, 29, 41, 54, 59, 45, 2, 36, 11, 20, 12, 31, 16, 27, 58, 32, 26, 5, 22, 46, 14, 28, 34, 21, 1, 38, 50, 17, 53, 39, 48, 4, 33, 10, 15, 60, 51, 47, 19, 25, 24, 9] 8454556
OPTIMO LOCAL - iter 143
--- 38.1872992515564 seconds ---
SOL [12, 37, 18, 25, 52, 54, 42, 51, 19, 13, 3, 5, 55, 24, 59, 44, 48, 58, 36, 46, 2, 7, 30, 22, 11, 14, 41, 15, 6, 23, 21, 43, 39, 1, 56, 29, 4, 47, 31, 40, 34, 28, 20, 38, 49, 33, 53, 27, 60, 8, 17, 16, 57, 26, 32, 9, 10, 35, 45, 50] 7467964

--> FIRST - INICIAL [23, 56, 55, 40, 37, 43, 57, 3, 18, 35, 52, 7, 42, 44, 8, 13, 30, 6, 49, 29, 41, 54, 59, 45, 2, 36, 11, 20, 12, 31, 16, 27, 58, 32, 26, 5, 22, 46, 14, 28, 34, 21, 1, 38, 50, 17, 53, 39, 48, 4, 33, 10, 15, 60, 51, 47, 19, 25, 24, 9] 8454556
OPTIMO LOCAL - iter 130
--- 224.30737376213074 seconds ---
SOL [23, 56, 35, 40, 47, 43, 57, 3, 29, 55, 52, 7, 42, 15, 26, 19, 10, 6, 28, 41, 44, 8, 30, 32, 59, 53, 11, 18, 37, 54, 51, 4, 12, 60, 17, 45, 5, 49, 33, 46, 36, 2, 39, 25, 24, 21, 9, 58, 31, 16, 50, 22, 1, 34, 14, 27, 38, 13, 20, 48] 7563260

--> RANDOM - INICIAL [23, 56, 55, 40, 37, 43, 57, 3, 18, 35, 52, 7, 42, 44, 8, 13, 30, 6, 49, 29, 41, 54, 59, 45, 2, 36, 11, 20, 12, 31, 16, 27, 58, 32, 26, 5, 22, 46, 14, 28, 34, 21, 1, 38, 50, 17, 53, 39, 48, 4, 33, 10, 15, 60, 51, 47, 19, 25, 24, 9] 8454556
OPTIMO LOCAL - iter 76
--- 52.836172580718994 seconds ---
SOL [52, 33, 47, 23, 16, 43, 36, 38, 18, 8, 50, 2, 11, 3, 7, 20, 42, 58, 59, 19, 35, 48, 45, 60, 28, 56, 15, 12, 1, 39, 51, 22, 6, 32, 10, 24, 34, 37, 14, 40, 54, 57, 30, 25, 13, 17, 53, 49, 21, 5, 46, 26, 4, 55, 44, 9, 31, 29, 41, 27] 7553762
------------------------------------------
------------------------------------------
--> BEST - INICIAL [33, 29, 46, 48, 7, 14, 30, 51, 35, 26, 3, 1, 60, 39, 21, 18, 24, 57, 49, 58, 23, 8, 9, 31, 2, 27, 55, 40, 36, 13, 59, 43, 44, 28, 5, 19, 32, 34, 41, 52, 11, 53, 56, 15, 22, 20, 54, 45, 38, 4, 42, 50, 25, 37, 17, 12, 16, 47, 6, 10] 8420828
OPTIMO LOCAL - iter 143
--- 28.334588766098022 seconds ---
SOL [30, 54, 57, 41, 48, 24, 38, 13, 58, 44, 7, 43, 34, 1, 26, 42, 27, 14, 55, 39, 23, 18, 4, 53, 49, 29, 2, 40, 3, 33, 6, 28, 35, 16, 15, 32, 37, 25, 36, 52, 8, 17, 56, 12, 51, 20, 10, 45, 9, 19, 22, 50, 31, 46, 5, 21, 11, 47, 60, 59] 7510468

--> FIRST - INICIAL [33, 29, 46, 48, 7, 14, 30, 51, 35, 26, 3, 1, 60, 39, 21, 18, 24, 57, 49, 58, 23, 8, 9, 31, 2, 27, 55, 40, 36, 13, 59, 43, 44, 28, 5, 19, 32, 34, 41, 52, 11, 53, 56, 15, 22, 20, 54, 45, 38, 4, 42, 50, 25, 37, 17, 12, 16, 47, 6, 10] 8420828
OPTIMO LOCAL - iter 131
--- 231.62818145751953 seconds ---
SOL [44, 29, 46, 1, 7, 14, 30, 56, 35, 26, 12, 33, 13, 39, 19, 42, 58, 57, 32, 18, 23, 51, 9, 3, 11, 27, 6, 49, 55, 15, 16, 25, 2, 36, 37, 34, 41, 22, 21, 43, 24, 28, 4, 53, 54, 45, 60, 52, 48, 5, 50, 38, 20, 8, 47, 59, 31, 10, 17, 40] 7532708

--> RANDOM - INICIAL [33, 29, 46, 48, 7, 14, 30, 51, 35, 26, 3, 1, 60, 39, 21, 18, 24, 57, 49, 58, 23, 8, 9, 31, 2, 27, 55, 40, 36, 13, 59, 43, 44, 28, 5, 19, 32, 34, 41, 52, 11, 53, 56, 15, 22, 20, 54, 45, 38, 4, 42, 50, 25, 37, 17, 12, 16, 47, 6, 10] 8420828
OPTIMO LOCAL - iter 74
--- 51.99916481971741 seconds ---
SOL [19, 7, 51, 37, 58, 25, 16, 1, 47, 26, 38, 46, 60, 5, 41, 52, 14, 44, 53, 20, 33, 28, 3, 8, 9, 27, 56, 10, 6, 24, 59, 43, 2, 34, 35, 13, 17, 12, 11, 18, 49, 39, 22, 40, 29, 45, 21, 36, 54, 48, 42, 50, 4, 31, 57, 32, 55, 15, 23, 30] 7623944
------------------------------------------
------------------------------------------
--> BEST - INICIAL [59, 18, 17, 23, 43, 42, 32, 15, 4, 57, 7, 27, 60, 29, 44, 33, 48, 8, 51, 53, 37, 24, 52, 40, 35, 38, 34, 26, 28, 13, 36, 16, 6, 10, 58, 21, 30, 55, 50, 5, 3, 2, 54, 22, 45, 39, 11, 12, 1, 46, 47, 19, 56, 20, 9, 25, 14, 49, 31, 41] 8536008
OPTIMO LOCAL - iter 130
--- 35.79052114486694 seconds ---
SOL [60, 54, 27, 18, 2, 1, 42, 11, 16, 50, 35, 5, 44, 40, 21, 59, 22, 56, 52, 51, 12, 30, 57, 13, 39, 47, 34, 33, 48, 28, 4, 31, 43, 10, 58, 29, 24, 15, 8, 46, 32, 38, 14, 55, 45, 26, 53, 3, 6, 37, 17, 19, 36, 25, 9, 7, 23, 49, 20, 41] 7556166

--> FIRST - INICIAL [59, 18, 17, 23, 43, 42, 32, 15, 4, 57, 7, 27, 60, 29, 44, 33, 48, 8, 51, 53, 37, 24, 52, 40, 35, 38, 34, 26, 28, 13, 36, 16, 6, 10, 58, 21, 30, 55, 50, 5, 3, 2, 54, 22, 45, 39, 11, 12, 1, 46, 47, 19, 56, 20, 9, 25, 14, 49, 31, 41] 8536008
OPTIMO LOCAL - iter 152
--- 389.0285634994507 seconds ---
SOL [59, 51, 11, 27, 43, 41, 32, 55, 4, 57, 17, 23, 12, 29, 15, 44, 48, 58, 1, 53, 42, 49, 52, 40, 35, 38, 8, 16, 31, 33, 6, 50, 47, 36, 46, 34, 14, 30, 21, 24, 28, 2, 10, 13, 54, 7, 37, 60, 22, 19, 26, 39, 9, 3, 56, 5, 25, 18, 45, 20] 7473844

--> RANDOM - INICIAL [59, 18, 17, 23, 43, 42, 32, 15, 4, 57, 7, 27, 60, 29, 44, 33, 48, 8, 51, 53, 37, 24, 52, 40, 35, 38, 34, 26, 28, 13, 36, 16, 6, 10, 58, 21, 30, 55, 50, 5, 3, 2, 54, 22, 45, 39, 11, 12, 1, 46, 47, 19, 56, 20, 9, 25, 14, 49, 31, 41] 8536008
OPTIMO LOCAL - iter 82
--- 70.19237351417542 seconds ---
SOL [46, 43, 37, 21, 31, 5, 35, 17, 32, 60, 51, 53, 38, 1, 18, 49, 2, 22, 29, 55, 27, 50, 57, 40, 30, 10, 54, 15, 47, 13, 48, 33, 4, 52, 9, 16, 41, 58, 3, 14, 25, 44, 34, 19, 26, 45, 28, 12, 39, 56, 8, 6, 7, 24, 20, 11, 36, 23, 42, 59] 7563698
------------------------------------------
------------------------------------------
OPT [30, 7, 40, 18, 6, 29, 56, 1, 5, 50, 21, 32, 53, 34, 38, 16, 19, 47, 23, 43, 4, 8, 39, 49, 55, 3, 57, 41, 22, 48, 37, 60, 59, 44, 54, 52, 9, 11, 35, 20, 15, 42, 14, 25, 27, 24, 36, 13, 17, 46, 12, 31, 58, 51, 2, 33, 45, 26, 10, 28] 7205962
BEST -> 7504906.4 33.68536591529846 [7489114, 7500820, 7467964, 7510468, 7556166]
FISRT -> 7517606.8 287.1687899589539 [7483748, 7534474, 7563260, 7532708, 7473844]
RANDOM -> 7564290.0 57.96972422599792 [7531184, 7548862, 7553762, 7623944, 7563698]
