INICIAL [13, 14, 11, 25, 22, 15, 20, 3, 24, 6, 1, 5, 16, 7, 12, 17, 23, 4, 18, 19, 9, 2, 21, 10, 8] 18392
Iteracion  49
TS 6834 80.03161222339304 0.5374312400817871
INICIAL [21, 2, 25, 24, 18, 13, 17, 20, 5, 15, 7, 23, 10, 11, 4, 12, 22, 1, 16, 3, 6, 8, 19, 9, 14] 20988
Iteracion  33
TS 5188 36.670179135932564 0.3869011402130127
INICIAL [22, 11, 21, 20, 4, 8, 14, 25, 19, 17, 13, 6, 9, 1, 12, 7, 2, 10, 16, 23, 5, 15, 18, 3, 24] 15880
Iteracion  38
TS 6078 60.1159114857745 0.6439094543457031
INICIAL [14, 4, 20, 25, 13, 11, 2, 17, 24, 19, 23, 22, 10, 21, 18, 9, 5, 15, 3, 8, 12, 7, 16, 6, 1] 23268
Iteracion  53
TS 5900 55.42676501580611 0.6156318187713623
INICIAL [2, 13, 24, 11, 3, 18, 21, 12, 7, 19, 6, 8, 20, 5, 14, 4, 9, 15, 22, 23, 1, 16, 17, 25, 10] 18732
Iteracion  48
TS 5580 46.99683877766069 0.608647346496582
INICIAL [7, 16, 8, 5, 6, 17, 9, 2, 12, 4, 10, 19, 23, 22, 3, 1, 21, 15, 25, 20, 24, 11, 14, 13, 18] 15606
Iteracion  29
TS 6768 78.29293993677555 0.3997011184692383
INICIAL [4, 6, 8, 5, 14, 23, 2, 21, 22, 18, 9, 17, 3, 1, 11, 24, 15, 20, 10, 7, 16, 19, 13, 25, 12] 21912
Iteracion  45
TS 6608 74.07797681770283 0.548285722732544
INICIAL [17, 3, 23, 8, 12, 6, 10, 4, 15, 1, 25, 24, 7, 5, 22, 13, 2, 18, 9, 19, 20, 21, 14, 16, 11] 17248
Iteracion  45
TS 6220 63.856691253951524 0.4487452507019043
INICIAL [14, 6, 15, 19, 3, 22, 13, 7, 20, 1, 4, 17, 16, 21, 9, 5, 8, 11, 25, 23, 24, 2, 12, 10, 18] 17334
Iteracion  47
TS 5574 46.83877766069547 0.6977725028991699
INICIAL [4, 2, 6, 1, 22, 13, 17, 23, 21, 19, 12, 9, 15, 25, 16, 14, 10, 20, 11, 18, 8, 3, 7, 5, 24] 17958
Iteracion  51
TS 5646 48.735511064278185 0.756866455078125
------------------------------------------
OPT [25, 12, 5, 3, 18, 4, 16, 8, 20, 10, 14, 6, 15, 23, 24, 19, 13, 1, 21, 11, 17, 2, 22, 7, 9] 3796
SOL 59.10432033719706 6039.6 0.5643892049789428 [6834, 5188, 6078, 5900, 5580, 6768, 6608, 6220, 5574, 5646]
