INICIAL [4, 18, 33, 12, 6, 40, 23, 9, 27, 47, 35, 49, 41, 22, 50, 31, 7, 25, 5, 48, 43, 34, 45, 11, 36, 37, 8, 26, 21, 3, 15, 39, 20, 24, 10, 28, 38, 17, 42, 19, 1, 30, 16, 2, 29, 32, 13, 44, 14, 46] 64142
Iteracion  91
TS 62899 1.2980529206190714 6.64060115814209
INICIAL [13, 10, 38, 36, 50, 48, 40, 17, 43, 12, 35, 19, 37, 16, 15, 8, 39, 31, 25, 47, 27, 44, 18, 5, 30, 21, 4, 26, 49, 32, 9, 41, 29, 45, 1, 34, 24, 6, 22, 3, 23, 28, 33, 2, 46, 20, 42, 11, 7, 14] 64105
Iteracion  83
TS 62933 1.352809495434268 6.177892446517944
INICIAL [38, 11, 43, 48, 39, 35, 18, 8, 31, 10, 17, 47, 4, 24, 14, 33, 44, 40, 22, 50, 2, 27, 13, 21, 23, 16, 29, 34, 45, 41, 36, 7, 37, 1, 46, 5, 42, 49, 3, 30, 12, 32, 19, 9, 6, 26, 25, 28, 15, 20] 64072
Iteracion  98
TS 62935 1.3560304704233972 9.655792713165283
INICIAL [35, 11, 42, 24, 18, 13, 8, 10, 25, 21, 6, 5, 17, 12, 45, 22, 26, 40, 41, 16, 7, 14, 3, 28, 19, 44, 32, 47, 1, 34, 37, 15, 46, 43, 50, 33, 2, 9, 27, 20, 36, 30, 38, 31, 4, 23, 29, 39, 49, 48] 63998
Iteracion  76
TS 62943 1.368914370379914 7.565325975418091
INICIAL [44, 38, 46, 49, 35, 6, 40, 16, 19, 48, 9, 24, 11, 7, 28, 26, 32, 21, 20, 14, 29, 13, 34, 22, 36, 1, 23, 3, 50, 18, 4, 5, 47, 27, 37, 33, 2, 41, 43, 30, 39, 31, 8, 17, 25, 15, 45, 12, 10, 42] 63878
Iteracion  77
TS 62894 1.2900004831462484 8.511384963989258
INICIAL [36, 46, 5, 26, 17, 20, 18, 33, 15, 49, 8, 39, 42, 23, 7, 24, 11, 13, 50, 16, 38, 22, 10, 35, 37, 1, 25, 32, 9, 29, 21, 45, 2, 14, 40, 12, 43, 3, 19, 31, 30, 6, 44, 48, 4, 41, 34, 47, 27, 28] 63997
Iteracion  80
TS 62968 1.4091765577440292 5.84831166267395
INICIAL [7, 40, 18, 19, 20, 33, 10, 44, 16, 6, 46, 47, 14, 12, 13, 11, 30, 23, 45, 31, 35, 37, 50, 1, 21, 32, 27, 36, 3, 2, 5, 39, 24, 9, 43, 29, 28, 4, 38, 15, 25, 8, 49, 22, 34, 48, 17, 42, 26, 41] 63955
Iteracion  81
TS 62910 1.315768283059282 10.0426664352417
INICIAL [26, 25, 48, 5, 32, 46, 43, 24, 8, 23, 6, 33, 36, 34, 49, 47, 12, 31, 16, 13, 42, 11, 30, 28, 14, 2, 20, 3, 45, 38, 44, 10, 40, 27, 50, 4, 39, 18, 29, 19, 37, 35, 1, 41, 21, 15, 9, 17, 22, 7] 64030
Iteracion  83
TS 62949 1.3785772953473017 6.8636157512664795
INICIAL [40, 10, 25, 18, 48, 44, 26, 23, 20, 1, 7, 38, 14, 41, 5, 37, 11, 36, 13, 6, 27, 34, 22, 33, 3, 43, 17, 9, 24, 19, 35, 12, 50, 31, 32, 2, 29, 45, 4, 39, 16, 30, 15, 28, 49, 47, 21, 42, 8, 46] 64008
Iteracion  94
TS 62891 1.2851690206625546 11.165961503982544
INICIAL [46, 29, 10, 31, 50, 38, 23, 45, 1, 43, 30, 47, 19, 42, 37, 25, 48, 5, 21, 33, 44, 7, 27, 35, 22, 3, 20, 12, 14, 15, 26, 16, 6, 28, 18, 24, 11, 17, 2, 9, 36, 34, 32, 8, 13, 4, 49, 41, 40, 39] 63960
Iteracion  83
TS 62887 1.2787270706842961 10.006323099136353
------------------------------------------
OPT [28, 32, 37, 39, 49, 23, 19, 44, 33, 7, 14, 30, 15, 5, 36, 6, 17, 26, 48, 25, 40, 3, 45, 27, 18, 31, 29, 16, 9, 12, 1, 8, 4, 2, 50, 21, 43, 35, 24, 38, 34, 46, 42, 13, 20, 22, 41, 47, 10, 11] 62093
SOL 1.3333225967500386 62920.9 8.247787570953369 [62899, 62933, 62935, 62943, 62894, 62968, 62910, 62949, 62891, 62887]
