INICIAL [11, 18, 45, 75, 61, 71, 39, 64, 30, 3, 81, 48, 20, 95, 32, 6, 17, 62, 28, 73, 59, 94, 82, 29, 19, 15, 76, 99, 12, 24, 7, 34, 35, 88, 74, 97, 86, 27, 1, 80, 53, 93, 47, 22, 70, 85, 36, 33, 37, 43, 68, 10, 84, 41, 5, 9, 77, 69, 2, 67, 38, 23, 21, 60, 57, 40, 52, 87, 72, 13, 54, 91, 78, 16, 98, 46, 50, 65, 42, 49, 44, 56, 25, 63, 26, 14, 51, 89, 92, 58, 66, 83, 79, 55, 96, 90, 100, 31, 8, 4] 24056738
Iteracion  240
TS 21809956 3.59810579910211 349.6465554237366
INICIAL [59, 31, 89, 65, 9, 77, 32, 16, 14, 42, 38, 95, 10, 66, 26, 21, 53, 20, 18, 1, 68, 23, 36, 83, 91, 30, 35, 94, 34, 22, 45, 39, 49, 78, 29, 55, 99, 40, 86, 52, 62, 24, 63, 73, 97, 41, 82, 13, 96, 11, 12, 93, 87, 75, 92, 8, 37, 80, 51, 17, 44, 56, 46, 90, 74, 61, 85, 58, 19, 4, 5, 76, 54, 88, 43, 50, 69, 70, 98, 79, 84, 7, 47, 71, 3, 27, 6, 72, 60, 15, 25, 81, 57, 100, 2, 33, 28, 48, 64, 67] 24143550
Iteracion  264
TS 21766264 3.3905671668107673 255.16936421394348
INICIAL [18, 47, 17, 91, 28, 88, 36, 64, 53, 41, 90, 66, 86, 51, 25, 87, 95, 81, 70, 61, 75, 24, 23, 72, 21, 38, 8, 32, 83, 82, 13, 33, 11, 98, 100, 16, 5, 29, 3, 7, 54, 30, 58, 96, 44, 50, 55, 39, 89, 14, 94, 6, 85, 26, 69, 49, 12, 71, 97, 46, 60, 57, 84, 48, 93, 80, 78, 77, 73, 79, 65, 92, 43, 4, 1, 9, 37, 20, 67, 31, 76, 42, 27, 62, 22, 40, 34, 45, 19, 10, 2, 59, 56, 35, 68, 63, 99, 52, 74, 15] 24066116
Iteracion  224
TS 21848978 3.783461756926718 200.1692979335785
INICIAL [60, 15, 49, 78, 69, 16, 75, 1, 38, 55, 28, 3, 12, 33, 67, 2, 40, 6, 86, 34, 20, 73, 56, 72, 26, 10, 14, 98, 41, 90, 8, 7, 58, 19, 65, 39, 23, 18, 93, 85, 48, 91, 43, 62, 59, 13, 81, 61, 63, 46, 87, 5, 24, 45, 70, 21, 42, 29, 53, 35, 82, 4, 27, 30, 79, 77, 37, 96, 36, 84, 97, 88, 92, 31, 32, 99, 100, 25, 11, 68, 57, 51, 17, 95, 22, 52, 89, 54, 94, 47, 74, 66, 9, 80, 83, 76, 50, 71, 44, 64] 24238636
Iteracion  249
TS 21852586 3.8005998917181483 303.9466655254364
INICIAL [8, 74, 16, 29, 61, 35, 77, 97, 33, 86, 67, 68, 57, 84, 45, 25, 94, 79, 53, 50, 24, 7, 43, 58, 82, 34, 85, 32, 28, 42, 71, 55, 14, 95, 44, 6, 91, 88, 47, 49, 36, 38, 18, 99, 62, 2, 93, 48, 11, 40, 23, 98, 69, 46, 41, 76, 90, 92, 89, 31, 39, 66, 51, 75, 5, 52, 59, 64, 4, 37, 13, 73, 22, 21, 78, 80, 30, 1, 60, 10, 63, 27, 56, 81, 96, 19, 9, 100, 12, 20, 17, 26, 87, 3, 70, 54, 83, 72, 65, 15] 24189012
Iteracion  255
TS 21809710 3.596937289911785 275.6396174430847
------------------------------------------
OPT [17, 63, 58, 71, 77, 25, 48, 6, 1, 29, 4, 12, 65, 9, 18, 44, 99, 69, 79, 81, 46, 80, 35, 59, 3, 74, 97, 28, 15, 55, 24, 76, 45, 75, 34, 33, 78, 19, 20, 73, 95, 36, 52, 98, 5, 23, 92, 88, 54, 27, 83, 86, 43, 87, 60, 61, 84, 2, 100, 39, 49, 21, 7, 53, 96, 67, 91, 47, 32, 16, 10, 41, 66, 85, 13, 72, 90, 40, 93, 31, 38, 68, 57, 37, 30, 8, 89, 26, 11, 22, 56, 14, 70, 51, 42, 50, 62, 64, 94, 82] 21052466
SOL 3.6339343808939093 21817498.8 276.9143001079559 [21809956, 21766264, 21848978, 21852586, 21809710]
