INICIAL [4, 3, 20, 5, 15, 21, 9, 17, 7, 13, 8, 19, 23, 18, 6, 10, 22, 25, 16, 14, 12, 1, 11, 24, 2] 1498926
Iteracion  41
TS 1237288 5.999712145407692 0.3227212429046631
INICIAL [21, 15, 24, 22, 2, 18, 5, 12, 25, 9, 16, 20, 17, 23, 1, 3, 11, 19, 10, 7, 6, 13, 4, 8, 14] 1403354
Iteracion  30
TS 1241552 6.365013330409096 0.38061976432800293
INICIAL [17, 25, 15, 6, 23, 10, 11, 3, 12, 16, 7, 22, 4, 13, 20, 5, 14, 18, 21, 8, 19, 24, 1, 9, 2] 1485058
Iteracion  51
TS 1211772 3.81373066405313 0.3424415588378906
INICIAL [15, 19, 4, 10, 16, 9, 18, 21, 11, 24, 2, 1, 17, 13, 3, 7, 6, 20, 8, 23, 12, 25, 5, 22, 14] 1397110
Iteracion  21
TS 1249770 7.069057687431036 0.23106122016906738
INICIAL [4, 8, 12, 15, 7, 9, 3, 20, 23, 2, 11, 6, 16, 17, 1, 19, 21, 18, 14, 13, 10, 22, 24, 25, 5] 1450180
Iteracion  44
TS 1215074 4.096616337804218 0.5828001499176025
INICIAL [4, 23, 11, 12, 22, 18, 20, 21, 24, 25, 19, 9, 2, 7, 15, 3, 5, 1, 16, 17, 10, 14, 6, 8, 13] 1465814
Iteracion  34
TS 1246424 6.782402489256856 0.2794003486633301
INICIAL [11, 9, 13, 20, 16, 17, 3, 18, 12, 24, 25, 23, 19, 4, 10, 15, 6, 8, 7, 5, 22, 21, 1, 2, 14] 1448854
Iteracion  39
TS 1242582 6.453254470313281 0.29189014434814453
INICIAL [11, 24, 16, 25, 4, 23, 2, 9, 18, 8, 13, 20, 5, 15, 1, 12, 22, 21, 10, 3, 17, 6, 19, 7, 14] 1428896
Iteracion  38
TS 1231396 5.494938556751904 0.38672900199890137
INICIAL [23, 21, 2, 9, 7, 3, 24, 16, 19, 11, 5, 13, 22, 6, 8, 14, 15, 17, 1, 20, 4, 25, 18, 12, 10] 1484104
Iteracion  40
TS 1231856 5.534347221175132 0.7142112255096436
INICIAL [3, 18, 19, 1, 7, 4, 14, 22, 15, 5, 11, 13, 12, 6, 20, 2, 21, 25, 8, 16, 24, 17, 10, 23, 9] 1453842
Iteracion  32
TS 1217346 4.2912608716511205 0.30105018615722656
------------------------------------------
OPT [9, 4, 6, 11, 5, 1, 15, 10, 14, 3, 17, 12, 19, 18, 23, 8, 21, 2, 22, 7, 16, 20, 24, 25, 13] 1167256
SOL 5.590033377425346 1232506.0 0.38329248428344725 [1237288, 1241552, 1211772, 1249770, 1215074, 1246424, 1242582, 1231396, 1231856, 1217346]
