INICIAL [21, 17, 60, 12, 15, 28, 5, 63, 64, 8, 25, 32, 24, 19, 59, 45, 52, 61, 35, 4, 47, 11, 6, 14, 16, 20, 34, 3, 49, 42, 31, 56, 58, 51, 2, 18, 40, 39, 23, 38, 1, 50, 54, 9, 30, 62, 13, 26, 37, 33, 53, 10, 44, 43, 29, 41, 36, 46, 22, 55, 7, 57, 48, 27] 3384310
Iteracion  53
TS 1863794 0.4238310968960003 15.665012836456299
INICIAL [40, 26, 28, 1, 21, 15, 2, 10, 57, 30, 56, 5, 60, 45, 19, 46, 33, 24, 18, 13, 37, 55, 12, 50, 34, 3, 47, 20, 49, 27, 39, 9, 38, 43, 53, 4, 63, 11, 62, 7, 48, 59, 6, 23, 14, 41, 32, 58, 22, 52, 8, 42, 36, 17, 64, 44, 25, 29, 51, 54, 35, 61, 16, 31] 2651768
Iteracion  36
TS 1882540 1.4338918320107246 9.291532754898071
INICIAL [39, 20, 38, 21, 58, 30, 27, 28, 54, 14, 41, 10, 26, 4, 5, 55, 43, 12, 1, 6, 16, 49, 60, 9, 44, 46, 8, 17, 52, 34, 51, 45, 35, 42, 18, 57, 61, 47, 59, 33, 19, 36, 56, 53, 3, 7, 31, 23, 62, 24, 32, 63, 40, 11, 22, 29, 2, 37, 48, 13, 50, 64, 25, 15] 3214086
Iteracion  36
TS 1865994 0.5423701781534628 8.974010705947876
INICIAL [61, 26, 19, 7, 51, 17, 15, 14, 50, 5, 13, 43, 58, 39, 2, 49, 46, 11, 60, 52, 10, 35, 64, 16, 33, 20, 36, 6, 18, 62, 34, 28, 57, 48, 41, 32, 29, 31, 30, 23, 8, 38, 1, 44, 24, 42, 47, 54, 27, 3, 21, 53, 9, 40, 63, 59, 4, 56, 12, 22, 37, 55, 45, 25] 3517372
Iteracion  55
TS 1860348 0.23815579052635663 14.404546976089478
INICIAL [4, 18, 36, 20, 26, 48, 27, 41, 25, 62, 38, 12, 53, 29, 61, 23, 8, 40, 55, 32, 37, 21, 54, 49, 14, 58, 42, 17, 13, 46, 11, 52, 1, 7, 44, 34, 2, 60, 51, 43, 3, 30, 10, 16, 47, 5, 64, 56, 6, 57, 24, 28, 39, 31, 50, 19, 63, 45, 59, 15, 35, 9, 22, 33] 3223404
Iteracion  39
TS 1872518 0.893892435482411 10.976023435592651
------------------------------------------
OPT [1, 3, 5, 15, 17, 20, 30, 35, 40, 45, 49, 51, 55, 2, 4, 6, 7, 8, 9, 10, 11, 12, 13, 14, 16, 18, 19, 21, 22, 23, 24, 25, 26, 27, 28, 29, 31, 32, 33, 34, 36, 37, 38, 39, 41, 42, 43, 44, 46, 47, 48, 50, 52, 53, 54, 56, 57, 58, 59, 60, 61, 62, 63, 64] 1855928
SOL 0.7064282666137935 1869038.8 11.862225341796876 [1863794, 1882540, 1865994, 1860348, 1872518]
