INICIAL [21, 23, 4, 36, 59, 41, 45, 53, 44, 6, 50, 34, 2, 52, 60, 51, 20, 54, 12, 33, 16, 43, 29, 35, 24, 22, 55, 46, 8, 39, 32, 57, 26, 58, 14, 13, 38, 27, 31, 17, 42, 18, 49, 7, 19, 48, 37, 9, 10, 28, 25, 1, 40, 15, 47, 56, 5, 30, 11, 3] 8538352
Iteracion  122
TS 7530120 4.498469461815091 30.546154499053955
INICIAL [28, 38, 51, 10, 13, 36, 40, 14, 20, 55, 7, 32, 54, 58, 35, 22, 50, 16, 60, 23, 2, 31, 33, 9, 29, 43, 42, 57, 30, 59, 27, 53, 17, 21, 34, 24, 15, 4, 44, 8, 3, 18, 26, 39, 47, 46, 41, 5, 1, 6, 25, 49, 37, 45, 11, 12, 19, 48, 56, 52] 8530036
Iteracion  142
TS 7515112 4.290197478143792 24.764892578125
INICIAL [15, 20, 52, 35, 11, 49, 60, 22, 46, 5, 38, 37, 23, 29, 14, 36, 47, 9, 6, 16, 55, 7, 3, 41, 24, 58, 2, 34, 53, 27, 13, 57, 17, 19, 18, 56, 26, 48, 51, 21, 44, 4, 33, 59, 50, 25, 10, 31, 30, 42, 45, 1, 39, 43, 8, 54, 28, 32, 12, 40] 8653918
Iteracion  146
TS 7555060 4.844571758774193 26.873836755752563
INICIAL [1, 27, 20, 43, 41, 26, 17, 53, 9, 13, 7, 30, 19, 5, 45, 47, 15, 44, 12, 58, 35, 23, 40, 29, 42, 48, 4, 59, 2, 33, 21, 32, 18, 10, 16, 28, 14, 3, 24, 56, 36, 6, 8, 60, 55, 54, 46, 22, 34, 38, 50, 11, 57, 39, 51, 37, 49, 25, 52, 31] 8467658
Iteracion  137
TS 7532604 4.532940917534675 34.028757095336914
INICIAL [53, 57, 27, 34, 55, 28, 21, 51, 20, 33, 22, 46, 59, 42, 5, 11, 25, 44, 54, 30, 9, 39, 32, 7, 49, 26, 36, 14, 38, 52, 2, 45, 8, 10, 3, 17, 56, 58, 48, 31, 18, 15, 4, 6, 35, 16, 60, 47, 43, 23, 24, 12, 41, 37, 1, 29, 13, 19, 50, 40] 8516414
Iteracion  137
TS 7497748 4.049230345649893 19.852242469787598
------------------------------------------
OPT [30, 7, 40, 18, 6, 29, 56, 1, 5, 50, 21, 32, 53, 34, 38, 16, 19, 47, 23, 43, 4, 8, 39, 49, 55, 3, 57, 41, 22, 48, 37, 60, 59, 44, 54, 52, 9, 11, 35, 20, 15, 42, 14, 25, 27, 24, 36, 13, 17, 46, 12, 31, 58, 51, 2, 33, 45, 26, 10, 28] 7205962
SOL 4.443081992383526 7526128.8 27.213176679611205 [7530120, 7515112, 7555060, 7532604, 7497748]
