INICIAL [16, 45, 67, 36, 56, 30, 57, 46, 55, 8, 38, 51, 21, 23, 77, 48, 2, 37, 49, 68, 27, 6, 25, 9, 7, 62, 70, 78, 63, 34, 60, 5, 39, 75, 52, 58, 12, 42, 31, 32, 54, 17, 40, 24, 29, 13, 4, 53, 26, 10, 69, 47, 41, 80, 44, 19, 71, 59, 66, 64, 11, 20, 3, 73, 43, 33, 50, 35, 72, 15, 18, 22, 76, 65, 61, 74, 1, 14, 79, 28] 15629242
Iteracion  141
TS 14132280 4.689883477401301 74.7351393699646
INICIAL [30, 1, 31, 56, 40, 10, 17, 68, 11, 49, 51, 33, 65, 44, 61, 77, 53, 75, 21, 20, 43, 54, 39, 69, 7, 58, 24, 22, 19, 80, 18, 37, 52, 60, 15, 63, 36, 71, 66, 3, 57, 50, 32, 45, 70, 79, 26, 48, 76, 67, 42, 14, 41, 9, 72, 59, 64, 2, 74, 23, 47, 12, 27, 34, 29, 28, 8, 16, 73, 55, 62, 25, 35, 46, 5, 38, 78, 13, 4, 6] 15701960
Iteracion  188
TS 14050548 4.08442465855714 132.95731687545776
INICIAL [69, 26, 67, 33, 42, 16, 70, 12, 52, 79, 65, 23, 40, 68, 5, 64, 17, 60, 54, 32, 62, 6, 36, 38, 77, 35, 75, 74, 10, 28, 61, 18, 39, 30, 29, 51, 80, 53, 7, 15, 8, 20, 31, 19, 43, 46, 22, 27, 55, 72, 4, 24, 47, 45, 73, 76, 50, 59, 44, 58, 66, 34, 63, 21, 2, 56, 37, 41, 49, 14, 57, 1, 3, 9, 71, 25, 48, 13, 78, 11] 15723214
Iteracion  194
TS 14038514 3.995278529428149 138.75972032546997
INICIAL [14, 8, 28, 63, 3, 29, 53, 69, 48, 35, 22, 46, 40, 39, 2, 70, 64, 42, 21, 67, 50, 31, 45, 41, 38, 18, 71, 56, 1, 78, 20, 24, 13, 51, 80, 19, 49, 68, 23, 4, 12, 37, 57, 62, 73, 65, 25, 47, 75, 61, 32, 33, 52, 16, 54, 36, 59, 7, 6, 17, 27, 9, 30, 58, 60, 43, 76, 5, 44, 26, 77, 72, 55, 66, 15, 10, 34, 11, 79, 74] 15544266
Iteracion  166
TS 14073382 4.253575623533985 76.28885269165039
INICIAL [51, 34, 29, 8, 40, 43, 23, 26, 30, 37, 47, 21, 49, 7, 74, 2, 4, 64, 39, 33, 42, 80, 63, 16, 32, 12, 71, 46, 77, 54, 76, 38, 67, 52, 35, 41, 14, 22, 28, 9, 72, 19, 65, 79, 56, 59, 55, 58, 1, 50, 70, 75, 45, 6, 69, 15, 36, 10, 25, 44, 60, 31, 27, 68, 18, 78, 48, 11, 66, 61, 73, 24, 3, 20, 53, 62, 13, 17, 5, 57] 15710384
Iteracion  163
TS 14142896 4.768525267897675 67.867680311203
------------------------------------------
OPT [11, 19, 64, 51, 78, 54, 31, 80, 77, 14, 37, 59, 70, 27, 34, 26, 62, 60, 29, 17, 69, 49, 67, 79, 7, 18, 73, 39, 15, 56, 55, 58, 5, 23, 53, 48, 52, 63, 13, 44, 74, 6, 61, 33, 1, 41, 3, 43, 30, 9, 22, 47, 36, 20, 50, 25, 28, 42, 2, 66, 4, 76, 45, 24, 65, 71, 38, 16, 57, 12, 68, 72, 10, 40, 8, 21, 46, 75, 35, 32] 13499184
SOL 4.35833751136365 14087524.0 98.12174191474915 [14132280, 14050548, 14038514, 14073382, 14142896]
